1 1
1 1
1 1
1 1
1 1
1 1
1 1
1 1
1 1
1 1
1 1
1 1
1 1
1 1
1 1
1 1
1 1
1 1
1 1
1 1
1 1
1 1
1 1
1 1
1 1
1 1
1 1
1 1
1 1
1 1
1 1
1 1
1 1
1 1
1 1
1 1
1 1
1 1
1 1
1 1
1 1
1 1
1 1
1 1
1 1
1 1
1 1
1 1
1 1
1 1
1 1
1 1
1 1
1 1
1 1
1 1
1 1
1 1
1 1
1 1
1 1
1 1
1 1
1 1
1 1
1 1
1 1
1 1
1 1
1 1
1 1
1 1
1 1
1 1
1 1
1 1
1 1
1 1
1 1
1 1
1 1
1 1
1 1
1 1
1 1
1 1
1 1
1 1
1 1
1 1
1 1
1 1
1 1
1 1
1 1
1 1
1 1
1 1
1 1
1 1
1 1
1 1
1 1
1 1
1 1
1 1
1 1
1 1
1 1
1 1
1 1
1 1
1 1
1 1
1 1
1 1
1 1
1 1
1 1
1 1
1 1
1 1
1 1
1 1
1 1
1 1
1 1
1 1
1 1
1 1
1 1
1 1
1 1
1 1
1 1
1 1
1 1
1 1
1 1
1 1
1 1
1 1
1 1
1 1
1 1
1 1
1 1
1 1
1 1
1 1
1 1
1 1
1 1
1 1
1 1
1 1
1 1
1 1
1 1
1 1
1 1
1 1
1 1
1 1
1 1
1 1
1 1
1 1
1 1
1 1
1 1
1 1
1 1
1 1
1 1
1 1
1 1
1 1
1 1
1 1
1 1
1 1
1 1
1 1
1 1
1 1
1 1
1 1
1 1
1 1
1 1
1 1
1 1
1 1
1 1
1 1
1 1
1 1
1 1
1 1
1 1
1 1
1 1
1 1
1 1
1 1
1 1
1 1
1 1
1 1
1 1
1 1
1 1
1 1
1 1
1 1
1 1
1 1
1 1
1 1
1 1
1 1
1 1
1 1
1 1
1 1
1 1
1 1
1 1
1 1
1 1
1 1
1 1
1 1
1 1
1 1
1 1
1 1
1 1
1 1
1 1
1 1
1 1
1 1
1 1
1 1
1 1
1 1
1 1
1 1
1 1
1 1
1 1
1 1
1 1
1 1
1 1
1 1
1 1
1 1
1 1
1 1
1 1
1 1
1 1
1 1
1 1
1 1
1 1
1 1
1 1
1 1
1 1
1 1
1 1
1 1
1 1
1 1
1 1
1 1
1 1
1 1
1 1
1 1
1 1
1 1
1 1
1 1
1 1
1 1
1 1
1 1
1 1
1 1
1 1
1 1
1 1
1 1
1 1
1 1
1 1
1 1
1 1
1 1
1 1
1 1
1 1
1 1
1 1
1 1
1 1
1 1
1 1
1 1
1 1
1 1
1 1
1 1
1 1
1 1
1 1
1 1
1 1
1 1
1 1
1 1
1 1
1 1
1 1
1 1
1 1
1 1
1 1
1 1
1 1
1 1
1 1
1 1
1 1
1 1
1 1
1 1
1 1
1 1
1 1
1 1
1 1
1 1
0.766674 0.793939
0.821853 0.848681
1 1
1 1
1 1
1 1
0.766674 0.793939
0.821853 0.848681
0.822243 0.833258
0.848039 0.851439
0.845972 0.854896
0.893238 0.910739
0.766674 0.793939
0.821853 0.848681
0.822243 0.833258
0.848039 0.851439
0.845972 0.854896
0.893238 0.910739
0.902645 0.908097
0.925291 0.923558
0.910062 0.916956
0.945184 0.936774
0.845972 0.854896
0.893238 0.910739
0.902645 0.908097
0.925291 0.923558
0.910062 0.916956
0.945184 0.936774
0.871698 0.853852
0.885434 0.887696
0.867698 0.878512
0.903343 0.921912
0.910062 0.916956
0.945184 0.936774
0.871698 0.853852
0.885434 0.887696
0.867698 0.878512
0.903343 0.921912
0.755531 0.762791
0.810202 0.834606
0.798137 0.781457
0.854767 0.857143
0.867698 0.878512
0.903343 0.921912
0.755531 0.762791
0.810202 0.834606
0.798137 0.781457
0.854767 0.857143
0.661417 0.679245
0.752239 0.75
0.685786 0.653631
0.735294 0.688235
0.798137 0.781457
0.854767 0.857143
0.661417 0.679245
0.752239 0.75
0.685786 0.653631
0.735294 0.688235
0.549505 0.448718
0.660714 0.564516
0.648936 0.528571
0.709302 0.587302
0.685786 0.653631
0.735294 0.688235
0.549505 0.448718
0.660714 0.564516
0.648936 0.528571
0.709302 0.587302
0.373626 0.34375
0.523077 0.392857
0.467532 0.5
0.610169 0.545455
0.648936 0.528571
0.709302 0.587302
0.373626 0.34375
0.523077 0.392857
0.467532 0.5
0.610169 0.545455
0.351351 0.230769
0.65 0.3
0.619048 0.25
0.619048 1
0.467532 0.5
0.610169 0.545455
0.351351 0.230769
0.65 0.3
0.619048 0.25
0.619048 1
0.25 0.333333
0.166667 0.333333
0.285714 0.5
0.666667 1
0.619048 0.25
0.619048 1
0.25 0.333333
0.166667 0.333333
0.285714 0.5
0.666667 1
0 0
1 0
1 1
1 1
0.285714 0.5
0.666667 1
0 0
1 0
1 1
1 1
1 1
1 1
0 1
1 1
1 1
1 1
1 1
1 1
0 1
1 1
1 1
1 1
0.545852 0.573438
0.649688 0.652369
0 1
1 1
1 1
1 1
0.545852 0.573438
0.649688 0.652369
0.594106 0.642092
0.64433 0.673942
0.618852 0.648749
0.706846 0.705848
0.545852 0.573438
0.649688 0.652369
0.594106 0.642092
0.64433 0.673942
0.618852 0.648749
0.706846 0.705848
0.745449 0.742683
0.771392 0.80396
0.766686 0.77686
0.818669 0.816884
0.618852 0.648749
0.706846 0.705848
0.745449 0.742683
0.771392 0.80396
0.766686 0.77686
0.818669 0.816884
0.592928 0.539855
0.665129 0.618257
0.648785 0.640562
0.72 0.638
0.766686 0.77686
0.818669 0.816884
0.592928 0.539855
0.665129 0.618257
0.648785 0.640562
0.72 0.638
0.45776 0.487705
0.594388 0.586207
0.545455 0.586538
0.643432 0.73494
0.648785 0.640562
0.72 0.638
0.45776 0.487705
0.594388 0.586207
0.545455 0.586538
0.643432 0.73494
0.342857 0.32
0.517241 0.380952
0.5 0.5
0.707865 0.648649
0.545455 0.586538
0.643432 0.73494
0.342857 0.32
0.517241 0.380952
0.5 0.5
0.707865 0.648649
0.263158 0.15
0.454545 0.3
0.384615 0.5
0.666667 0.75
0.5 0.5
0.707865 0.648649
0.263158 0.15
0.454545 0.3
0.384615 0.5
0.666667 0.75
0.428571 1
0.333333 0
0.5 1
1 1
0.384615 0.5
0.666667 0.75
0.428571 1
0.333333 0
0.5 1
1 1
1 1
1 1
1 1
1 1
0.5 1
1 1
1 1
1 1
1 1
1 1
1 1
1 1
1 1
1 1
1 1
1 1
1 1
1 1
1 1
1 1
1 1
1 1
1 1
1 1
1 1
1 1
1 1
1 1
1 1
1 1
1 1
1 1
1 1
1 1
1 1
1 1
1 1
1 1
1 1
1 1
1 1
1 1
1 1
1 1
1 1
1 1
1 1
1 1
1 1
1 1
1 1
1 1
1 1
1 1
1 1
1 1
1 1
1 1
1 1
1 1
1 1
1 1
1 1
1 1
1 1
1 1
1 1
1 1
1 1
1 1
1 1
1 1
1 1
1 1
1 1
1 1
1 1
1 1
1 1
1 1
1 1
1 1
1 1
1 1
1 1
1 1
1 1
1 1
1 1
1 1
1 1
1 1
1 1
1 1
1 1
1 1
1 1
1 1
1 1
1 1
1 1
1 1
1 1
1 1
1 1
1 1
1 1
1 1
1 1
1 1
1 1
1 1
1 1
1 1
1 1
1 1
1 1
1 1
1 1
1 1
1 1
1 1
1 1
1 1
1 1
1 1
1 1
1 1
1 1
1 1
1 1
1 1
1 1
1 1
1 1
1 1
1 1
1 1
1 1
1 1
1 1
1 1
1 1
1 1
1 1
1 1
1 1
1 1
1 1
1 1
1 1
1 1
1 1
1 1
1 1
1 1
1 1
1 1
1 1
1 1
1 1
1 1
1 1
1 1
1 1
1 1
1 1
1 1
1 1
1 1
1 1
1 1
1 1
1 1
1 1
1 1
1 1
1 1
1 1
1 1
1 1
1 1
1 1
1 1
1 1
1 1
1 1
1 1
1 1
1 1
1 1
1 1
1 1
1 1
1 1
1 1
1 1
1 1
1 1
1 1
1 1
1 1
1 1
1 1
1 1
1 1
1 1
1 1
1 1
1 1
1 1
1 1
1 1
1 1
1 1
1 1
1 1
1 1
1 1
1 1
1 1
1 1
1 1
1 1
1 1
1 1
1 1
1 1
1 1
1 1
1 1
1 1
1 1
1 1
1 1
1 1
1 1
1 1
1 1
1 1
1 1
1 1
1 1
1 1
1 1
1 1
1 1
1 1
1 1
1 1
1 1
1 1
1 1
1 1
1 1
1 1
1 1
1 1
1 1
1 1
1 1
1 1
1 1
1 1
1 1
1 1
1 1
1 1
1 1
1 1
1 1
1 1
1 1
1 1
1 1
1 1
1 1
1 1
1 1
1 1
1 1
1 1
1 1
1 1
1 1
1 1
1 1
1 1
1 1
1 1
1 1
1 1
1 1
1 1
1 1
1 1
1 1
1 1
1 1
1 1
1 1
1 1
1 1
1 1
1 1
1 1
1 1
1 1
1 1
1 1
1 1
1 1
1 1
1 1
1 1
1 1
1 1
1 1
1 1
1 1
1 1
1 1
0.9712 0.976285
0.982201 0.968627
1 1
1 1
1 1
1 1
0.9712 0.976285
0.982201 0.968627
0.960443 0.976285
0.982201 0.961089
0.972549 0.967626
0.976378 0.987156
0.9712 0.976285
0.982201 0.968627
0.960443 0.976285
0.982201 0.961089
0.972549 0.967626
0.976378 0.987156
0.974823 0.978142
0.978673 0.983516
0.981584 0.980609
0.984606 0.992987
0.972549 0.967626
0.976378 0.987156
0.974823 0.978142
0.978673 0.983516
0.981584 0.980609
0.984606 0.992987
0.980257 0.982979
0.976401 0.982979
0.990307 0.980634
0.991108 0.984099
0.981584 0.980609
0.984606 0.992987
0.980257 0.982979
0.976401 0.982979
0.990307 0.980634
0.991108 0.984099
0.976936 0.970803
0.976936 0.98155
0.983607 0.978395
0.983607 0.987539
0.990307 0.980634
0.991108 0.984099
0.976936 0.970803
0.976936 0.98155
0.983607 0.978395
0.983607 0.987539
0.97035 0.973333
0.983607 0.966887
0.977477 0.976471
0.9819 0.976471
0.983607 0.978395
0.983607 0.987539
0.97035 0.973333
0.983607 0.966887
0.977477 0.976471
0.9819 0.976471
0.980488 0.986111
0.971014 1
0.982063 0.94898
0.982063 1
0.977477 0.976471
0.9819 0.976471
0.980488 0.986111
0.971014 1
0.982063 0.94898
0.982063 1
0.958333 1
0.968421 0.954545
1 0.977778
0.982759 0.977778
0.982063 0.94898
0.982063 1
0.958333 1
0.968421 0.954545
1 0.977778
0.982759 0.977778
0.952381 0.96
0.97561 0.96
1 0.96
0.976744 1
1 0.977778
0.982759 0.977778
0.952381 0.96
0.97561 0.96
1 0.96
0.976744 1
0.96 1
0.857143 1
0.931638 0.933962
0.94822 0.94586
1 0.96
0.976744 1
0.96 1
0.857143 1
0.931638 0.933962
0.94822 0.94586
0.941569 0.948553
0.930693 0.948553
0.946344 0.946629
0.950407 0.954674
0.931638 0.933962
0.94822 0.94586
0.941569 0.948553
0.930693 0.948553
0.946344 0.946629
0.950407 0.954674
0.932849 0.948405
0.941056 0.946925
0.954703 0.953811
0.963186 0.963616
0.946344 0.946629
0.950407 0.954674
0.932849 0.948405
0.941056 0.946925
0.954703 0.953811
0.963186 0.963616
0.961388 0.960459
0.963709 0.961611
0.964471 0.966328
0.976092 0.975227
0.954703 0.953811
0.963186 0.963616
0.961388 0.960459
0.963709 0.961611
0.964471 0.966328
0.976092 0.975227
0.962455 0.967618
0.965085 0.966835
0.966661 0.967252
0.979559 0.975485
0.964471 0.966328
0.976092 0.975227
0.962455 0.967618
0.965085 0.966835
0.966661 0.967252
0.979559 0.975485
0.962061 0.958403
0.968893 0.961629
0.959873 0.957771
0.972744 0.97571
0.966661 0.967252
0.979559 0.975485
0.962061 0.958403
0.968893 0.961629
0.959873 0.957771
0.972744 0.97571
0.945455 0.960916
0.958766 0.963514
0.949785 0.952191
0.959977 0.968171
0.959873 0.957771
0.972744 0.97571
0.945455 0.960916
0.958766 0.963514
0.949785 0.952191
0.959977 0.968171
0.922517 0.931789
0.941216 0.941482
0.930445 0.938073
0.961131 0.950058
0.949785 0.952191
0.959977 0.968171
0.922517 0.931789
0.941216 0.941482
0.930445 0.938073
0.961131 0.950058
0.918667 0.906915
0.927322 0.914209
0.909618 0.915254
0.944645 0.913043
0.930445 0.938073
0.961131 0.950058
0.918667 0.906915
0.927322 0.914209
0.909618 0.915254
0.944645 0.913043
0.893333 0.834395
0.915301 0.891156
0.896135 0.886228
0.941624 0.91358
0.909618 0.915254
0.944645 0.913043
0.893333 0.834395
0.915301 0.891156
0.896135 0.886228
0.941624 0.91358
0.868421 0.818182
0.885906 0.857143
0.883041 0.831325
0.883041 0.873418
0.896135 0.886228
0.941624 0.91358
0.868421 0.818182
0.885906 0.857143
0.883041 0.831325
0.883041 0.873418
0.763889 0.727273
0.797101 0.780488
0.787426 0.798701
0.821116 0.838201
0.883041 0.831325
0.883041 0.873418
0.763889 0.727273
0.797101 0.780488
0.787426 0.798701
0.821116 0.838201
0.818702 0.806167
0.844747 0.844094
0.872195 0.875183
0.907991 0.909286
0.787426 0.798701
0.821116 0.838201
0.818702 0.806167
0.844747 0.844094
0.872195 0.875183
0.907991 0.909286
0.906225 0.908514
0.917683 0.91812
0.91523 0.912609
0.937715 0.941924
0.872195 0.875183
0.907991 0.909286
0.906225 0.908514
0.917683 0.91812
0.91523 0.912609
0.937715 0.941924
0.917023 0.928515
0.928299 0.936528
0.925095 0.923184
0.944822 0.949739
0.91523 0.912609
0.937715 0.941924
0.917023 0.928515
0.928299 0.936528
0.925095 0.923184
0.944822 0.949739
0.892969 0.891927
0.897409 0.910604
0.899652 0.897291
0.926081 0.918274
0.925095 0.923184
0.944822 0.949739
0.892969 0.891927
0.897409 0.910604
0.899652 0.897291
0.926081 0.918274
0.834803 0.853687
0.86401 0.869591
0.845355 0.842434
0.890407 0.884762
0.899652 0.897291
0.926081 0.918274
0.834803 0.853687
0.86401 0.869591
0.845355 0.842434
0.890407 0.884762
0.786483 0.750636
0.831226 0.811554
0.800762 0.79671
0.845888 0.844334
0.845355 0.842434
0.890407 0.884762
0.786483 0.750636
0.831226 0.811554
0.800762 0.79671
0.845888 0.844334
0.7175 0.685039
0.776725 0.767647
0.762999 0.753149
0.820546 0.776623
0.800762 0.79671
0.845888 0.844334
0.7175 0.685039
0.776725 0.767647
0.762999 0.753149
0.820546 0.776623
0.632047 0.703911
0.678344 0.768293
0.682216 0.742857
0.733542 0.747126
0.762999 0.753149
0.820546 0.776623
0.632047 0.703911
0.678344 0.768293
0.682216 0.742857
0.733542 0.747126
0.541667 0.506024
0.604651 0.666667
0.611511 0.555556
0.720339 0.714286
0.682216 0.742857
0.733542 0.747126
0.541667 0.506024
0.604651 0.666667
0.611511 0.555556
0.720339 0.714286
0.41791 0.368421
0.5 0.304348
0.5 0.333333
0.707317 0.36
0.611511 0.555556
0.720339 0.714286
0.41791 0.368421
0.5 0.304348
0.5 0.333333
0.707317 0.36
0.258065 0.384615
0.363636 0.555556
0.571429 0.555556
0.727273 1
0.5 0.333333
0.707317 0.36
0.258065 0.384615
0.363636 0.555556
0.571429 0.555556
0.727273 1
0.25 0.5
0.142857 0.333333
0.49587 0.503807
0.555318 0.557976
0.571429 0.555556
0.727273 1
0.25 0.5
0.142857 0.333333
0.49587 0.503807
0.555318 0.557976
0.520173 0.538043
0.589569 0.554234
0.585494 0.591873
0.658585 0.67495
0.49587 0.503807
0.555318 0.557976
0.520173 0.538043
0.589569 0.554234
0.585494 0.591873
0.658585 0.67495
0.677452 0.696466
0.728525 0.722502
0.733015 0.730007
0.78016 0.791698
0.585494 0.591873
0.658585 0.67495
0.677452 0.696466
0.728525 0.722502
0.733015 0.730007
0.78016 0.791698
0.518094 0.520755
0.572125 0.550898
0.577611 0.599598
0.638918 0.657837
0.733015 0.730007
0.78016 0.791698
0.518094 0.520755
0.572125 0.550898
0.577611 0.599598
0.638918 0.657837
0.336756 0.369565
0.468571 0.445026
0.418546 0.473958
0.526814 0.535294
0.577611 0.599598
0.638918 0.657837
0.336756 0.369565
0.468571 0.445026
0.418546 0.473958
0.526814 0.535294
0.188679 0.297872
0.26087 0.4
0.245902 0.386667
0.352941 0.439394
0.418546 0.473958
0.526814 0.535294
0.188679 0.297872
0.26087 0.4
0.245902 0.386667
0.352941 0.439394
0.06 0.28
0.136364 0.368421
0.130435 0.411765
0.5 0.777778
0.245902 0.386667
0.352941 0.439394
0.06 0.28
0.136364 0.368421
0.130435 0.411765
0.5 0.777778
0 0.2
0 0.333333
0 1
1 1
0.130435 0.411765
0.5 0.777778
0 0.2
0 0.333333
0 1
1 1
1 1
1 1
1 1
1 1
0 1
1 1
1 1
1 1
1 1
1 1
1 1
1 1
1 1
1 1
1 1
1 1
1 1
1 1
1 1
1 1
1 1
1 1
1 1
1 1
1 1
1 1
1 1
1 1
1 1
1 1
1 1
1 1
1 1
1 1
1 1
1 1
1 1
1 1
1 1
1 1
1 1
1 1
1 1
1 1
1 1
1 1
1 1
1 1
1 1
1 1
1 1
1 1
1 1
1 1
1 1
1 1
1 1
1 1
1 1
1 1
1 1
1 1
1 1
1 1
1 1
1 1
1 1
1 1
1 1
1 1
1 1
1 1
1 1
1 1
1 1
1 1
1 1
1 1
1 1
1 1
1 1
1 1
1 1
1 1
1 1
1 1
1 1
1 1
1 1
1 1
1 1
1 1
1 1
1 1
1 1
1 1
1 1
1 1
1 1
1 1
1 1
1 1
1 1
1 1
1 1
1 1
1 1
1 1
1 1
1 1
1 1
1 1
1 1
1 1
1 1
1 1
1 1
1 1
1 1
1 1
1 1
1 1
1 1
1 1
1 1
1 1
1 1
1 1
1 1
1 1
1 1
1 1
1 1
1 1
1 1
1 1
1 1
1 1
1 1
1 1
1 1
1 1
1 1
1 1
1 1
1 1
1 1
1 1
1 1
1 1
1 1
1 1
1 1
1 1
1 1
1 1
1 1
1 1
1 1
1 1
1 1
1 1
1 1
1 1
1 1
1 1
1 1
1 1
1 1
1 1
1 1
1 1
1 1
1 1
1 1
1 1
1 1
1 1
1 1
1 1
1 1
1 1
1 1
1 1
1 1
1 1
1 1
1 1
1 1
1 1
1 1
1 1
1 1
1 1
1 1
1 1
1 1
1 1
1 1
1 1
1 1
1 1
1 1
1 1
1 1
1 1
1 1
1 1
1 1
1 1
1 1
1 1
1 1
1 1
1 1
1 1
1 1
1 1
1 1
1 1
1 1
1 1
0.989418 0.984375
0.989418 0.984375
1 1
1 1
1 1
1 1
0.989418 0.984375
0.989418 0.984375
0.994681 1
0.979058 0.926471
0.993373 0.988679
0.993373 1
0.989418 0.984375
0.989418 0.984375
0.994681 1
0.979058 0.926471
0.993373 0.988679
0.993373 1
0.989729 0.986817
0.989729 0.990548
0.992839 0.991259
0.992839 0.990393
0.993373 0.988679
0.993373 1
0.989729 0.986817
0.989729 0.990548
0.992839 0.991259
0.992839 0.990393
0.993851 0.993506
0.990425 0.997207
0.994993 0.989348
0.99527 0.996647
0.992839 0.991259
0.992839 0.990393
0.993851 0.993506
0.990425 0.997207
0.994993 0.989348
0.99527 0.996647
0.995056 0.99418
0.99301 0.99418
0.995038 0.996833
0.99438 0.996044
0.994993 0.989348
0.99527 0.996647
0.995056 0.99418
0.99301 0.99418
0.995038 0.996833
0.99438 0.996044
0.99 0.996928
0.993726 0.995399
0.997344 0.996471
0.996903 0.997644
0.995038 0.996833
0.99438 0.996044
0.99 0.996928
0.993726 0.995399
0.997344 0.996471
0.996903 0.997644
0.993701 0.993103
0.995268 0.997691
0.994484 0.990826
0.996054 0.993103
0.997344 0.996471
0.996903 0.997644
0.993701 0.993103
0.995268 0.997691
0.994484 0.990826
0.996054 0.993103
0.989645 0.985075
0.997019 0.99
1 0.994975
1 1
0.994484 0.990826
0.996054 0.993103
0.989645 0.985075
0.997019 0.99
1 0.994975
1 1
1 1
1 1
1 1
1 1
1 0.994975
1 1
1 1
1 1
1 1
1 1
1 1
1 1
1 1
1 1
1 1
1 1
1 1
1 1
1 1
1 1
1 1
1 1
0.982801 0.982289
0.980993 0.975643
1 1
1 1
1 1
1 1
0.982801 0.982289
0.980993 0.975643
0.970874 0.97039
0.972644 0.960053
0.981101 0.978142
0.986952 0.985182
0.982801 0.982289
0.980993 0.975643
0.970874 0.97039
0.972644 0.960053
0.981101 0.978142
0.986952 0.985182
0.982186 0.981849
0.982004 0.981021
0.984539 0.985741
0.986595 0.989381
0.981101 0.978142
0.986952 0.985182
0.982186 0.981849
0.982004 0.981021
0.984539 0.985741
0.986595 0.989381
0.987689 0.987812
0.985974 0.986445
0.986534 0.985965
0.991181 0.990052
0.984539 0.985741
0.986595 0.989381
0.987689 0.987812
0.985974 0.986445
0.986534 0.985965
0.991181 0.990052
0.987251 0.989083
0.986308 0.989083
0.99033 0.992875
0.991077 0.989602
0.986534 0.985965
0.991181 0.990052
0.987251 0.989083
0.986308 0.989083
0.99033 0.992875
0.991077 0.989602
0.984991 0.991322
0.988933 0.987792
0.989094 0.990086
0.991218 0.990513
0.99033 0.992875
0.991077 0.989602
0.984991 0.991322
0.988933 0.987792
0.989094 0.990086
0.991218 0.990513
0.986564 0.985481
0.988462 0.989071
0.98668 0.981791
0.990541 0.990812
0.989094 0.990086
0.991218 0.990513
0.986564 0.985481
0.988462 0.989071
0.98668 0.981791
0.990541 0.990812
0.986804 0.991197
0.989706 0.992945
0.992009 0.983075
0.992009 0.991465
0.98668 0.981791
0.990541 0.990812
0.986804 0.991197
0.989706 0.992945
0.992009 0.983075
0.992009 0.991465
0.975028 0.982759
0.993064 0.997085
0.985143 0.994203
0.985143 0.988473
0.992009 0.983075
0.992009 0.991465
0.975028 0.982759
0.993064 0.997085
0.985143 0.994203
0.985143 0.988473
0.977723 0.9375
0.980149 0.957447
0.964504 0.971246
0.98132 0.977492
0.985143 0.994203
0.985143 0.988473
0.977723 0.9375
0.980149 0.957447
0.964504 0.971246
0.98132 0.977492
0.951923 0.944444
0.942857 0.955056
0.961205 0.967226
0.970347 0.965719
0.964504 0.971246
0.98132 0.977492
0.951923 0.944444
0.942857 0.955056
0.961205 0.967226
0.970347 0.965719
0.953079 0.956019
0.952381 0.95565
0.959824 0.966931
0.971869 0.975489
0.961205 0.967226
0.970347 0.965719
0.953079 0.956019
0.952381 0.95565
0.959824 0.966931
0.971869 0.975489
0.970991 0.971189
0.97023 0.971528
0.972115 0.974573
0.982591 0.980896
0.959824 0.966931
0.971869 0.975489
0.970991 0.971189
0.97023 0.971528
0.972115 0.974573
0.982591 0.980896
0.977039 0.975833
0.975826 0.978279
0.976213 0.975107
0.983577 0.983664
0.972115 0.974573
0.982591 0.980896
0.977039 0.975833
0.975826 0.978279
0.976213 0.975107
0.983577 0.983664
0.973443 0.972745
0.976728 0.975333
0.975694 0.97524
0.984803 0.985525
0.976213 0.975107
0.983577 0.983664
0.973443 0.972745
0.976728 0.975333
0.975694 0.97524
0.984803 0.985525
0.970454 0.9678
0.974689 0.979629
0.972074 0.967778
0.982362 0.982877
0.975694 0.97524
0.984803 0.985525
0.970454 0.9678
0.974689 0.979629
0.972074 0.967778
0.982362 0.982877
0.962644 0.962406
0.966213 0.972152
0.970619 0.968198
0.973722 0.975089
0.972074 0.967778
0.982362 0.982877
0.962644 0.962406
0.966213 0.972152
0.970619 0.968198
0.973722 0.975089
0.945778 0.959337
0.963694 0.965152
0.961565 0.95875
0.970894 0.968434
0.970619 0.968198
0.973722 0.975089
0.945778 0.959337
0.963694 0.965152
0.961565 0.95875
0.970894 0.968434
0.927653 0.932976
0.966499 0.945652
0.952448 0.964371
0.947149 0.959811
0.961565 0.95875
0.970894 0.968434
0.927653 0.932976
0.966499 0.945652
0.952448 0.964371
0.947149 0.959811
0.901587 0.94
0.940397 0.954315
0.966146 0.972222
0.984085 0.990566
0.952448 0.964371
0.947149 0.959811
0.901587 0.94
0.940397 0.954315
0.966146 0.972222
0.984085 0.990566
0.900943 0.898876
0.955 0.930233
0.768689 0.791101
0.795626 0.805052
0.966146 0.972222
0.984085 0.990566
0.900943 0.898876
0.955 0.930233
0.768689 0.791101
0.795626 0.805052
0.77886 0.778892
0.804071 0.800294
0.860409 0.859173
0.884901 0.887108
0.768689 0.791101
0.795626 0.805052
0.77886 0.778892
0.804071 0.800294
0.860409 0.859173
0.884901 0.887108
0.876394 0.882738
0.886382 0.888358
0.900569 0.892555
0.932342 0.937334
0.860409 0.859173
0.884901 0.887108
0.876394 0.882738
0.886382 0.888358
0.900569 0.892555
0.932342 0.937334
0.908485 0.907659
0.922196 0.912118
0.919643 0.919304
0.941129 0.93466
0.900569 0.892555
0.932342 0.937334
0.908485 0.907659
0.922196 0.912118
0.919643 0.919304
0.941129 0.93466
0.891539 0.865098
0.896491 0.883871
0.901142 0.883638
0.919319 0.909519
0.919643 0.919304
0.941129 0.93466
0.891539 0.865098
0.896491 0.883871
0.901142 0.883638
0.919319 0.909519
0.827301 0.83134
0.86815 0.861214
0.852941 0.866298
0.885278 0.871111
0.901142 0.883638
0.919319 0.909519
0.827301 0.83134
0.86815 0.861214
0.852941 0.866298
0.885278 0.871111
0.764286 0.760664
0.840629 0.812658
0.808468 0.803879
0.840671 0.828889
0.852941 0.866298
0.885278 0.871111
0.764286 0.760664
0.840629 0.812658
0.808468 0.803879
0.840671 0.828889
0.637056 0.712121
0.717143 0.75
0.726064 0.771429
0.743869 0.79803
0.808468 0.803879
0.840671 0.828889
0.637056 0.712121
0.717143 0.75
0.726064 0.771429
0.743869 0.79803
0.547445 0.640351
0.528169 0.802198
0.578571 0.745283
0.669421 0.76699
0.726064 0.771429
0.743869 0.79803
0.547445 0.640351
0.528169 0.802198
0.578571 0.745283
0.669421 0.76699
0.35443 0.627907
0.411765 0.692308
0.438356 0.736842
0.603774 0.736842
0.578571 0.745283
0.669421 0.76699
0.35443 0.627907
0.411765 0.692308
0.438356 0.736842
0.603774 0.736842
0.208333 0.411765
0.47619 0.5
0.344828 0.571429
0.434783 0.533333
0.438356 0.736842
0.603774 0.736842
0.208333 0.411765
0.47619 0.5
0.344828 0.571429
0.434783 0.533333
0.307692 0.4
0.25 0.4
0.5 0.75
1 0.75
0.344828 0.571429
0.434783 0.533333
0.307692 0.4
0.25 0.4
0.5 0.75
1 0.75
0.5 1
0.25 0.666667
0.577257 0.570039
0.590062 0.576772
0.5 0.75
1 0.75
0.5 1
0.25 0.666667
0.577257 0.570039
0.590062 0.576772
0.525276 0.503448
0.542414 0.527076
0.607287 0.589172
0.682335 0.656028
0.577257 0.570039
0.590062 0.576772
0.525276 0.503448
0.542414 0.527076
0.607287 0.589172
0.682335 0.656028
0.704545 0.670909
0.741749 0.667269
0.759084 0.70377
0.79553 0.784
0.607287 0.589172
0.682335 0.656028
0.704545 0.670909
0.741749 0.667269
0.759084 0.70377
0.79553 0.784
0.590457 0.515306
0.612371 0.564246
0.618395 0.54359
0.678112 0.576087
0.759084 0.70377
0.79553 0.784
0.590457 0.515306
0.612371 0.564246
0.618395 0.54359
0.678112 0.576087
0.413265 0.307692
0.465517 0.329412
0.431472 0.42029
0.502959 0.439394
0.618395 0.54359
0.678112 0.576087
0.413265 0.307692
0.465517 0.329412
0.431472 0.42029
0.502959 0.439394
0.302632 0.193548
0.319444 0.2
0.359375 0.206897
0.534884 0.315789
0.431472 0.42029
0.502959 0.439394
0.302632 0.193548
0.319444 0.2
0.359375 0.206897
0.534884 0.315789
0.166667 0.111111
0.307692 0.111111
0.285714 0.166667
0.571429 1
0.359375 0.206897
0.534884 0.315789
0.166667 0.111111
0.307692 0.111111
0.285714 0.166667
0.571429 1
0 0
1 1
1 0
1 1
0.285714 0.166667
0.571429 1
0 0
1 1
1 0
1 1
1 1
1 1
1 1
1 1
1 0
1 1
1 1
1 1
1 1
1 1
1 1
1 1
1 1
1 1
1 1
1 1
1 1
1 1
1 1
1 1
1 1
1 1
1 1
1 1
1 1
1 1
1 1
1 1
1 1
1 1
1 1
1 1
1 1
1 1
1 1
1 1
1 1
1 1
1 1
1 1
1 1
1 1
1 1
1 1
1 1
1 1
1 1
1 1
1 1
1 1
1 1
1 1
1 1
1 1
1 1
1 1
1 1
1 1
1 1
1 1
1 1
1 1
1 1
1 1
1 1
1 1
1 1
1 1
1 1
1 1
1 1
1 1
1 1
1 1
1 1
1 1
1 1
1 1
1 1
1 1
1 1
1 1
1 1
1 1
1 1
1 1
1 1
1 1
1 1
1 1
1 1
1 1
1 1
1 1
1 1
1 1
1 1
1 1
1 1
1 1
1 1
1 1
1 1
1 1
1 1
1 1
1 1
1 1
1 1
1 1
1 1
1 1
1 1
1 1
1 1
1 1
1 1
1 1
1 1
1 1
1 1
1 1
1 1
1 1
1 1
1 1
1 1
1 1
1 1
1 1
1 1
1 1
1 1
1 1
1 1
1 1
1 1
1 1
1 1
1 1
1 1
1 1
1 1
1 1
1 1
1 1
1 1
1 1
1 1
1 1
1 1
1 1
1 1
1 1
1 1
1 1
1 1
1 1
1 1
1 1
1 1
1 1
1 1
1 1
1 1
1 1
1 1
1 1
1 1
1 1
1 1
1 1
1 1
1 1
1 1
1 1
1 1
1 1
1 1
1 1
1 1
1 1
1 1
1 1
1 1
1 1
1 1
1 1
1 1
1 1
1 1
1 1
1 1
1 1
1 1
1 1
1 1
1 1
1 1
1 1
1 1
1 1
1 1
1 1
1 1
1 1
1 1
1 1
1 1
1 1
1 1
1 1
1 1
1 1
1 1
1 1
1 1
1 1
1 1
1 1
1 1
1 1
0.988235 1
1 0.976471
1 1
1 1
1 1
1 1
0.988235 1
1 0.976471
0.994083 1
0.994083 0.988095
0.994433 1
0.994433 0.994065
0.988235 1
1 0.976471
0.994083 1
0.994083 0.988095
0.994433 1
0.994433 0.994065
0.995125 0.995542
0.988927 0.988201
0.99693 0.996889
0.995097 0.995649
0.994433 1
0.994433 0.994065
0.995125 0.995542
0.988927 0.988201
0.99693 0.996889
0.995097 0.995649
0.993546 0.99411
0.994188 0.99281
0.995277 0.995144
0.995089 0.996757
0.99693 0.996889
0.995097 0.995649
0.993546 0.99411
0.994188 0.99281
0.995277 0.995144
0.995089 0.996757
0.996023 0.992577
0.996271 0.997336
0.997204 0.997551
0.996057 0.996505
0.995277 0.995144
0.995089 0.996757
0.996023 0.992577
0.996271 0.997336
0.997204 0.997551
0.996057 0.996505
0.996011 0.993786
0.996479 0.99792
0.997606 0.997541
0.996204 0.996316
0.997204 0.997551
0.996057 0.996505
0.996011 0.993786
0.996479 0.99792
0.997606 0.997541
0.996204 0.996316
0.995932 0.997835
0.996946 0.997404
0.995527 0.996972
0.997149 0.998268
0.997606 0.997541
0.996204 0.996316
0.995932 0.997835
0.996946 0.997404
0.995527 0.996972
0.997149 0.998268
0.993702 0.994749
0.998243 0.996992
0.998945 0.998494
1 1
0.995527 0.996972
0.997149 0.998268
0.993702 0.994749
0.998243 0.996992
0.998945 0.998494
1 1
1 1
1 1
1 1
1 1
0.998945 0.998494
1 1
1 1
1 1
1 1
1 1
1 1
1 1
1 1
1 1
1 1
1 1
1 1
1 1
1 1
1 1
1 1
1 1
0.986475 0.997972
0.988146 0.987952
1 1
1 1
1 1
1 1
0.986475 0.997972
0.988146 0.987952
0.985642 0.972332
0.982323 0.97619
0.985356 0.981345
0.987939 0.987486
0.986475 0.997972
0.988146 0.987952
0.985642 0.972332
0.982323 0.97619
0.985356 0.981345
0.987939 0.987486
0.990013 0.984127
0.986642 0.986924
0.987496 0.985915
0.992112 0.989322
0.985356 0.981345
0.987939 0.987486
0.990013 0.984127
0.986642 0.986924
0.987496 0.985915
0.992112 0.989322
0.988405 0.989576
0.987191 0.988839
0.988768 0.989082
0.99127 0.993473
0.987496 0.985915
0.992112 0.989322
0.988405 0.989576
0.987191 0.988839
0.988768 0.989082
0.99127 0.993473
0.992039 0.986898
0.991288 0.989185
0.98993 0.992629
0.993314 0.992324
0.988768 0.989082
0.99127 0.993473
0.992039 0.986898
0.991288 0.989185
0.98993 0.992629
0.993314 0.992324
0.989724 0.9929
0.991333 0.993443
0.991728 0.993645
0.992394 0.992294
0.98993 0.992629
0.993314 0.992324
0.989724 0.9929
0.991333 0.993443
0.991728 0.993645
0.992394 0.992294
0.987145 0.987678
0.990218 0.990494
0.991858 0.99293
0.994065 0.996845
0.991728 0.993645
0.992394 0.992294
0.987145 0.987678
0.990218 0.990494
0.991858 0.99293
0.994065 0.996845
0.985565 0.983416
0.99033 0.9933
0.992234 0.994069
0.994611 0.995249
0.991858 0.99293
0.994065 0.996845
0.985565 0.983416
0.99033 0.9933
0.992234 0.994069
0.994611 0.995249
0.987723 0.995736
0.992152 0.985232
0.992152 0.993617
0.989933 0.995736
0.992234 0.994069
0.994611 0.995249
0.987723 0.995736
0.992152 0.985232
0.992152 0.993617
0.989933 0.995736
0.986301 0.991903
0.981818 0.983936
0.98505 0.953704
0.981788 0.98722
0.992152 0.993617
0.989933 0.995736
0.986301 0.991903
0.981818 0.983936
0.98505 0.953704
0.981788 0.98722
0.930636 0.901408
0.884615 0.901408
0.966525 0.966365
0.972741 0.977109
0.98505 0.953704
0.981788 0.98722
0.930636 0.901408
0.884615 0.901408
0.966525 0.966365
0.972741 0.977109
0.967703 0.957692
0.955475 0.962629
0.969587 0.97195
0.97923 0.979206
0.966525 0.966365
0.972741 0.977109
0.967703 0.957692
0.955475 0.962629
0.969587 0.97195
0.97923 0.979206
0.976416 0.976725
0.971684 0.985527
0.977522 0.975574
0.985359 0.983942
0.969587 0.97195
0.97923 0.979206
0.976416 0.976725
0.971684 0.985527
0.977522 0.975574
0.985359 0.983942
0.978176 0.977547
0.98363 0.982395
0.979671 0.978412
0.985167 0.984456
0.977522 0.975574
0.985359 0.983942
0.978176 0.977547
0.98363 0.982395
0.979671 0.978412
0.985167 0.984456
0.979752 0.981514
0.981924 0.977691
0.979835 0.975918
0.986278 0.986053
0.979671 0.978412
0.985167 0.984456
0.979752 0.981514
0.981924 0.977691
0.979835 0.975918
0.986278 0.986053
0.976879 0.979021
0.978069 0.984026
0.979272 0.977059
0.983498 0.983727
0.979835 0.975918
0.986278 0.986053
0.976879 0.979021
0.978069 0.984026
0.979272 0.977059
0.983498 0.983727
0.961641 0.959315
0.97726 0.972856
0.976796 0.984389
0.981174 0.986099
0.979272 0.977059
0.983498 0.983727
0.961641 0.959315
0.97726 0.972856
0.976796 0.984389
0.981174 0.986099
0.961433 0.963025
0.983099 0.979487
0.979133 0.980712
0.984665 0.985097
0.976796 0.984389
0.981174 0.986099
0.961433 0.963025
0.983099 0.979487
0.979133 0.980712
0.984665 0.985097
0.945671 0.961765
0.963668 0.976119
0.976012 0.972752
0.9819 0.991667
0.979133 0.980712
0.984665 0.985097
0.945671 0.961765
0.963668 0.976119
0.976012 0.972752
0.9819 0.991667
0.930314 0.944
0.967391 0.951613
0.963277 0.972222
0.988406 0.992908
0.976012 0.972752
0.9819 0.991667
0.930314 0.944
0.967391 0.951613
0.963277 0.972222
0.988406 0.992908
0.933333 0.896552
0.96 0.912281
0.83787 0.858499
0.815668 0.812908
0.963277 0.972222
0.988406 0.992908
0.933333 0.896552
0.96 0.912281
0.83787 0.858499
0.815668 0.812908
0.781671 0.750973
0.806836 0.792933
0.884313 0.880212
0.895206 0.893077
0.83787 0.858499
0.815668 0.812908
0.781671 0.750973
0.806836 0.792933
0.884313 0.880212
0.895206 0.893077
0.875706 0.880889
0.887235 0.886662
0.902362 0.905933
0.929634 0.940032
0.884313 0.880212
0.895206 0.893077
0.875706 0.880889
0.887235 0.886662
0.902362 0.905933
0.929634 0.940032
0.914687 0.92692
0.915101 0.9134
0.916347 0.919433
0.929303 0.931883
0.902362 0.905933
0.929634 0.940032
0.914687 0.92692
0.915101 0.9134
0.916347 0.919433
0.929303 0.931883
0.883397 0.882239
0.885948 0.889971
0.898956 0.884058
0.897832 0.908056
0.916347 0.919433
0.929303 0.931883
0.883397 0.882239
0.885948 0.889971
0.898956 0.884058
0.897832 0.908056
0.811492 0.805785
0.87027 0.853392
0.860094 0.834586
0.860902 0.874016
0.898956 0.884058
0.897832 0.908056
0.811492 0.805785
0.87027 0.853392
0.860094 0.834586
0.860902 0.874016
0.760791 0.746835
0.849398 0.800905
0.840336 0.813008
0.825083 0.809717
0.860094 0.834586
0.860902 0.874016
0.760791 0.746835
0.849398 0.800905
0.840336 0.813008
0.825083 0.809717
0.681159 0.647059
0.696296 0.793814
0.776173 0.772727
0.814394 0.885417
0.840336 0.813008
0.825083 0.809717
0.681159 0.647059
0.696296 0.793814
0.776173 0.772727
0.814394 0.885417
0.688742 0.596154
0.717241 0.704545
0.795918 0.716981
0.790541 0.730769
0.776173 0.772727
0.814394 0.885417
0.688742 0.596154
0.717241 0.704545
0.795918 0.716981
0.790541 0.730769
0.547945 0.5
0.727273 0.6
0.8 0.769231
0.814815 0.769231
0.795918 0.716981
0.790541 0.730769
0.547945 0.5
0.727273 0.6
0.8 0.769231
0.814815 0.769231
0.548387 0.666667
0.53125 0.6
0.68 0.705882
0.894737 1
0.8 0.769231
0.814815 0.769231
0.548387 0.666667
0.53125 0.6
0.68 0.705882
0.894737 1
0.363636 0.714286
0.4 0.625
0.571429 0.833333
0.571429 0.714286
0.68 0.705882
0.894737 1
0.363636 0.714286
0.4 0.625
0.571429 0.833333
0.571429 0.714286
0 1
0 0
0.717629 0.669231
0.691729 0.608392
0.571429 0.833333
0.571429 0.714286
0 1
0 0
0.717629 0.669231
0.691729 0.608392
0.567201 0.54375
0.61089 0.537037
0.638197 0.621483
0.73397 0.714706
0.717629 0.669231
0.691729 0.608392
0.567201 0.54375
0.61089 0.537037
0.638197 0.621483
0.73397 0.714706
0.739011 0.723214
0.728997 0.731928
0.765027 0.752907
0.817518 0.809375
0.638197 0.621483
0.73397 0.714706
0.739011 0.723214
0.728997 0.731928
0.765027 0.752907
0.817518 0.809375
0.416667 0.594406
0.52356 0.615942
0.448718 0.605634
0.58011 0.68254
0.765027 0.752907
0.817518 0.809375
0.416667 0.594406
0.52356 0.615942
0.448718 0.605634
0.58011 0.68254
0.28125 0.309091
0.415385 0.395349
0.411765 0.369565
0.363636 0.566667
0.448718 0.605634
0.58011 0.68254
0.28125 0.309091
0.415385 0.395349
0.411765 0.369565
0.363636 0.566667
0.12766 0.0434783
0.2 0.1
0.193548 0.0555556
0.285714 0.125
0.411765 0.369565
0.363636 0.566667
0.12766 0.0434783
0.2 0.1
0.193548 0.0555556
0.285714 0.125
0.0769231 0
0.142857 0
0.142857 0
0.5 1
0.193548 0.0555556
0.285714 0.125
0.0769231 0
0.142857 0
0.142857 0
0.5 1
0 1
1 0
1 0
1 1
0.142857 0
0.5 1
0 1
1 0
1 0
1 1
1 1
1 1
1 1
1 1
1 0
1 1
1 1
1 1
1 1
1 1
1 1
1 1
1 1
1 1
1 1
1 1
1 1
1 1
1 1
1 1
1 1
1 1
1 1
1 1
1 1
1 1
1 1
1 1
1 1
1 1
1 1
1 1
1 1
1 1
1 1
1 1
1 1
1 1
1 1
1 1
1 1
1 1
1 1
1 1
1 1
1 1
1 1
1 1
1 1
1 1
1 1
1 1
1 1
1 1
1 1
1 1
1 1
1 1
1 1
1 1
1 1
1 1
1 1
1 1
1 1
1 1
1 1
1 1
1 1
1 1
1 1
1 1
1 1
1 1
1 1
1 1
1 1
1 1
1 1
1 1
1 1
1 1
1 1
1 1
1 1
1 1
1 1
1 1
1 1
1 1
1 1
1 1
1 1
1 1
1 1
1 1
1 1
1 1
1 1
1 1
1 1
1 1
1 1
1 1
1 1
1 1
1 1
1 1
1 1
1 1
1 1
1 1
1 1
1 1
1 1
1 1
1 1
1 1
1 1
1 1
1 1
1 1
1 1
1 1
1 1
1 1
1 1
1 1
1 1
1 1
1 1
1 1
1 1
1 1
1 1
1 1
1 1
1 1
1 1
1 1
1 1
1 1
1 1
1 1
1 1
1 1
1 1
1 1
1 1
1 1
1 1
1 1
1 1
1 1
1 1
1 1
1 1
1 1
1 1
1 1
1 1
1 1
1 1
1 1
1 1
1 1
1 1
1 1
1 1
1 1
1 1
1 1
1 1
1 1
1 1
1 1
1 1
1 1
1 1
1 1
1 1
1 1
1 1
1 1
1 1
1 1
1 1
1 1
1 1
1 1
1 1
1 1
1 1
1 1
1 1
1 1
1 1
1 1
1 1
1 1
1 1
1 1
1 1
1 1
1 1
1 1
1 1
1 1
1 1
1 1
1 1
1 1
1 1
1 1
1 1
1 1
1 1
1 1
1 1
1 1
1 1
1 1
0.995595 0.991597
1 0.991597
1 1
1 1
1 1
1 1
0.995595 0.991597
1 0.991597
0.995595 0.991597
1 1
0.997052 0.997925
0.996562 0.996891
0.995595 0.991597
1 0.991597
0.995595 0.991597
1 1
0.997052 0.997925
0.996562 0.996891
0.99656 0.996891
0.994605 0.991753
0.997304 0.998754
0.995652 0.996683
0.997052 0.997925
0.996562 0.996891
0.99656 0.996891
0.994605 0.991753
0.997304 0.998754
0.995652 0.996683
0.995008 0.998253
0.996738 0.993913
0.997879 0.998228
0.996015 0.996462
0.997304 0.998754
0.995652 0.996683
0.995008 0.998253
0.996738 0.993913
0.997879 0.998228
0.996015 0.996462
0.995981 0.996784
0.996462 0.997746
0.9981 0.998145
0.997103 0.996912
0.997879 0.998228
0.996015 0.996462
0.995981 0.996784
0.996462 0.997746
0.9981 0.998145
0.997103 0.996912
0.996126 0.997361
0.997644 0.996484
0.998528 0.999316
0.998606 0.999487
0.9981 0.998145
0.997103 0.996912
0.996126 0.997361
0.997644 0.996484
0.998528 0.999316
0.998606 0.999487
0.998209 0.99857
0.998209 0.997857
0.998735 0.998095
0.997789 0.998333
0.998528 0.999316
0.998606 0.999487
0.998209 0.99857
0.998209 0.997857
0.998735 0.998095
0.997789 0.998333
0.995628 0.997554
0.996674 0.996336
0.999122 0.999183
1 1
0.998735 0.998095
0.997789 0.998333
0.995628 0.997554
0.996674 0.996336
0.999122 0.999183
1 1
1 1
1 1
1 1
1 1
0.999122 0.999183
1 1
1 1
1 1
1 1
1 1
1 1
1 1
1 1
1 1
1 1
1 1
1 1
1 1
1 1
1 1
1 1
1 1
0.992154 0.990704
0.991447 0.993342
1 1
1 1
1 1
1 1
0.992154 0.990704
0.991447 0.993342
0.987926 0.990704
0.9782 0.982872
0.987452 0.987414
0.99066 0.989825
0.992154 0.990704
0.991447 0.993342
0.987926 0.990704
0.9782 0.982872
0.987452 0.987414
0.99066 0.989825
0.99085 0.989817
0.988639 0.989414
0.990029 0.993478
0.992947 0.994559
0.987452 0.987414
0.99066 0.989825
0.99085 0.989817
0.988639 0.989414
0.990029 0.993478
0.992947 0.994559
0.990889 0.993766
0.991866 0.994024
0.992275 0.993393
0.994323 0.992665
0.990029 0.993478
0.992947 0.994559
0.990889 0.993766
0.991866 0.994024
0.992275 0.993393
0.994323 0.992665
0.990429 0.989907
0.993232 0.993602
0.994596 0.995565
0.994404 0.99657
0.992275 0.993393
0.994323 0.992665
0.990429 0.989907
0.993232 0.993602
0.994596 0.995565
0.994404 0.99657
0.992401 0.993258
0.99429 0.99467
0.995227 0.995094
0.995507 0.994807
0.994596 0.995565
0.994404 0.99657
0.992401 0.993258
0.99429 0.99467
0.995227 0.995094
0.995507 0.994807
0.994441 0.989894
0.994441 0.994124
0.996425 0.996107
0.996647 0.997834
0.995227 0.995094
0.995507 0.994807
0.994441 0.989894
0.994441 0.994124
0.996425 0.996107
0.996647 0.997834
0.991533 0.990018
0.995081 0.993625
0.995997 0.995425
0.997328 1
0.996425 0.996107
0.996647 0.997834
0.991533 0.990018
0.995081 0.993625
0.995997 0.995425
0.997328 1
0.993947 0.992054
0.994549 0.995444
0.995154 0.998857
0.996966 0.998857
0.995997 0.995425
0.997328 1
0.993947 0.992054
0.994549 0.995444
0.995154 0.998857
0.996966 0.998857
0.98577 0.993103
0.990897 0.990826
0.984421 0.990619
0.992149 0.992481
0.995154 0.998857
0.996966 0.998857
0.98577 0.993103
0.990897 0.990826
0.984421 0.990619
0.992149 0.992481
0.912409 0.864865
0.93985 0.96
0.973326 0.973597
0.976782 0.980066
0.984421 0.990619
0.992149 0.992481
0.912409 0.864865
0.93985 0.96
0.973326 0.973597
0.976782 0.980066
0.968572 0.969863
0.952064 0.957792
0.971324 0.963578
0.98156 0.980913
0.973326 0.973597
0.976782 0.980066
0.968572 0.969863
0.952064 0.957792
0.971324 0.963578
0.98156 0.980913
0.979261 0.978747
0.97979 0.980722
0.980923 0.977208
0.984791 0.983836
0.971324 0.963578
0.98156 0.980913
0.979261 0.978747
0.97979 0.980722
0.980923 0.977208
0.984791 0.983836
0.983123 0.981114
0.98722 0.987899
0.982339 0.984891
0.986552 0.985475
0.980923 0.977208
0.984791 0.983836
0.983123 0.981114
0.98722 0.987899
0.982339 0.984891
0.986552 0.985475
0.980471 0.981601
0.987891 0.988235
0.984388 0.987413
0.986853 0.98845
0.982339 0.984891
0.986552 0.985475
0.980471 0.981601
0.987891 0.988235
0.984388 0.987413
0.986853 0.98845
0.980977 0.975032
0.982889 0.985211
0.984832 0.987569
0.986572 0.987228
0.984388 0.987413
0.986853 0.98845
0.980977 0.975032
0.982889 0.985211
0.984832 0.987569
0.986572 0.987228
0.975539 0.976208
0.979472 0.983297
0.984639 0.986866
0.989706 0.988045
0.984832 0.987569
0.986572 0.987228
0.975539 0.976208
0.979472 0.983297
0.984639 0.986866
0.989706 0.988045
0.969322 0.981339
0.979142 0.981339
0.987487 0.985337
0.993704 0.99115
0.984639 0.986866
0.989706 0.988045
0.969322 0.981339
0.979142 0.981339
0.987487 0.985337
0.993704 0.99115
0.961451 0.978673
0.975834 0.962704
0.986301 0.972277
0.994083 0.995943
0.987487 0.985337
0.993704 0.99115
0.961451 0.978673
0.975834 0.962704
0.986301 0.972277
0.994083 0.995943
0.951389 0.979592
0.949192 0.969697
0.975238 0.973077
0.996109 1
0.986301 0.972277
0.994083 0.995943
0.951389 0.979592
0.949192 0.969697
0.975238 0.973077
0.996109 1
0.97026 0.972028
0.97026 0.972028
0.89277 0.909028
0.880468 0.868613
0.975238 0.973077
0.996109 1
0.97026 0.972028
0.97026 0.972028
0.89277 0.909028
0.880468 0.868613
0.818306 0.819574
0.79259 0.818484
0.900929 0.89985
0.921226 0.930348
0.89277 0.909028
0.880468 0.868613
0.818306 0.819574
0.79259 0.818484
0.900929 0.89985
0.921226 0.930348
0.904776 0.919097
0.896269 0.902124
0.915234 0.914391
0.933644 0.934154
0.900929 0.89985
0.921226 0.930348
0.904776 0.919097
0.896269 0.902124
0.915234 0.914391
0.933644 0.934154
0.930847 0.925845
0.93248 0.934336
0.930549 0.925691
0.942384 0.941233
0.915234 0.914391
0.933644 0.934154
0.930847 0.925845
0.93248 0.934336
0.930549 0.925691
0.942384 0.941233
0.893865 0.884969
0.923834 0.917329
0.914087 0.926778
0.912934 0.909029
0.930549 0.925691
0.942384 0.941233
0.893865 0.884969
0.923834 0.917329
0.914087 0.926778
0.912934 0.909029
0.837079 0.803254
0.890882 0.891626
0.910256 0.89916
0.882853 0.915835
0.914087 0.926778
0.912934 0.909029
0.837079 0.803254
0.890882 0.891626
0.910256 0.89916
0.882853 0.915835
0.769001 0.738544
0.834951 0.830303
0.840058 0.871866
0.851095 0.891738
0.910256 0.89916
0.882853 0.915835
0.769001 0.738544
0.834951 0.830303
0.840058 0.871866
0.851095 0.891738
0.651163 0.754098
0.761905 0.766667
0.814815 0.857143
0.864286 0.887574
0.840058 0.871866
0.851095 0.891738
0.651163 0.754098
0.761905 0.766667
0.814815 0.857143
0.864286 0.887574
0.634328 0.653846
0.574324 0.579545
0.658385 0.7375
0.883333 0.907692
0.814815 0.857143
0.864286 0.887574
0.634328 0.653846
0.574324 0.579545
0.658385 0.7375
0.883333 0.907692
0.590909 0.540541
0.565217 0.555556
0.583333 0.583333
0.857143 0.875
0.658385 0.7375
0.883333 0.907692
0.590909 0.540541
0.565217 0.555556
0.583333 0.583333
0.857143 0.875
0.585366 0.6
0.48 0.5
0.684211 0.529412
0.928571 0.9
0.583333 0.583333
0.857143 0.875
0.585366 0.6
0.48 0.5
0.684211 0.529412
0.928571 0.9
0.384615 0.25
0.555556 0.2
0.454545 0.5
1 1
0.684211 0.529412
0.928571 0.9
0.384615 0.25
0.555556 0.2
0.454545 0.5
1 1
0.666667 1
0.5 0
0.786517 0.798507
0.720588 0.732877
0.454545 0.5
1 1
0.666667 1
0.5 0
0.786517 0.798507
0.720588 0.732877
0.587952 0.587912
0.582339 0.527094
0.633136 0.629139
0.718121 0.707196
0.786517 0.798507
0.720588 0.732877
0.587952 0.587912
0.582339 0.527094
0.633136 0.629139
0.718121 0.707196
0.73878 0.72335
0.746512 0.691748
0.735484 0.757946
0.82509 0.776942
0.633136 0.629139
0.718121 0.707196
0.73878 0.72335
0.746512 0.691748
0.735484 0.757946
0.82509 0.776942
0.585075 0.596273
0.616352 0.671329
0.664596 0.657895
0.703947 0.632911
0.735484 0.757946
0.82509 0.776942
0.585075 0.596273
0.616352 0.671329
0.664596 0.657895
0.703947 0.632911
0.382166 0.3625
0.625 0.591837
0.508333 0.414286
0.554545 0.604167
0.664596 0.657895
0.703947 0.632911
0.382166 0.3625
0.625 0.591837
0.508333 0.414286
0.554545 0.604167
0.283582 0.153846
0.422222 0.285714
0.558824 0.25
0.463415 0.4
0.508333 0.414286
0.554545 0.604167
0.283582 0.153846
0.422222 0.285714
0.558824 0.25
0.463415 0.4
0.0454545 0
0.0833333 0
0.125 0
0.5 0
0.558824 0.25
0.463415 0.4
0.0454545 0
0.0833333 0
0.125 0
0.5 0
0 1
0 1
0 1
1 1
0.125 0
0.5 0
0 1
0 1
0 1
1 1
1 1
1 1
1 1
1 1
0 1
1 1
1 1
1 1
1 1
1 1
1 1
1 1
1 1
1 1
1 1
1 1
1 1
1 1
1 1
1 1
1 1
1 1
1 1
1 1
1 1
1 1
1 1
1 1
1 1
1 1
1 1
1 1
1 1
1 1
1 1
1 1
1 1
1 1
1 1
1 1
1 1
1 1
1 1
1 1
1 1
1 1
1 1
1 1
1 1
1 1
1 1
1 1
1 1
1 1
1 1
1 1
1 1
1 1
1 1
1 1
1 1
1 1
1 1
1 1
1 1
1 1
1 1
1 1
1 1
1 1
1 1
1 1
1 1
1 1
1 1
1 1
1 1
1 1
1 1
1 1
1 1
1 1
1 1
1 1
1 1
1 1
1 1
1 1
1 1
1 1
1 1
1 1
1 1
1 1
1 1
1 1
1 1
1 1
1 1
1 1
1 1
1 1
1 1
1 1
1 1
1 1
1 1
1 1
1 1
1 1
1 1
1 1
1 1
1 1
1 1
1 1
1 1
1 1
1 1
1 1
1 1
1 1
1 1
1 1
1 1
1 1
1 1
1 1
1 1
1 1
1 1
1 1
1 1
1 1
1 1
1 1
1 1
1 1
1 1
1 1
1 1
1 1
1 1
1 1
1 1
1 1
1 1
1 1
1 1
1 1
1 1
1 1
1 1
1 1
1 1
1 1
1 1
1 1
1 1
1 1
1 1
1 1
1 1
1 1
1 1
1 1
1 1
1 1
1 1
1 1
1 1
1 1
1 1
1 1
1 1
1 1
1 1
1 1
1 1
1 1
1 1
1 1
1 1
1 1
1 1
1 1
1 1
1 1
1 1
1 1
1 1
1 1
1 1
1 1
1 1
1 1
1 1
1 1
1 1
1 1
1 1
1 1
1 1
1 1
1 1
1 1
1 1
1 1
1 1
1 1
1 1
1 1
1 1
1 1
1 1
1 1
1 1
1 1
1 1
1 1
1 1
1 1
0.997183 0.993671
0.997183 1
1 1
1 1
1 1
1 1
0.997183 0.993671
0.997183 1
1 1
1 1
0.998489 1
0.998112 1
0.997183 0.993671
0.997183 1
1 1
1 1
0.998489 1
0.998112 1
0.996983 0.998465
0.999622 0.997699
0.997567 0.999363
0.999239 0.998726
0.998489 1
0.998112 1
0.996983 0.998465
0.999622 0.997699
0.997567 0.999363
0.999239 0.998726
0.99807 0.99799
0.997269 0.997656
0.998563 0.99945
0.998832 0.998535
0.997567 0.999363
0.999239 0.998726
0.99807 0.99799
0.997269 0.997656
0.998563 0.99945
0.998832 0.998535
0.998078 0.998147
0.997064 0.99861
0.99881 0.998437
0.99951 0.999715
0.998563 0.99945
0.998832 0.998535
0.998078 0.998147
0.997064 0.99861
0.99881 0.998437
0.99951 0.999715
0.997398 0.99827
0.998938 0.998078
0.998841 0.999158
0.999789 0.999053
0.99881 0.998437
0.99951 0.999715
0.997398 0.99827
0.998938 0.998078
0.998841 0.999158
0.999789 0.999053
0.998933 0.998861
0.999004 0.998719
0.998791 0.998861
0.999786 0.999288
0.998841 0.999158
0.999789 0.999053
0.998933 0.998861
0.999004 0.998719
0.998791 0.998861
0.999786 0.999288
0.997451 0.999768
0.99884 0.999071
0.998145 0.998607
1 1
0.998791 0.998861
0.999786 0.999288
0.997451 0.999768
0.99884 0.999071
0.998145 0.998607
1 1
1 1
1 1
1 1
1 1
0.998145 0.998607
1 1
1 1
1 1
1 1
1 1
1 1
1 1
1 1
1 1
1 1
1 1
1 1
1 1
1 1
1 1
1 1
1 1
0.992612 0.994097
0.997349 0.99645
1 1
1 1
1 1
1 1
0.992612 0.994097
0.997349 0.99645
0.997878 0.990588
0.995765 0.990588
0.993937 0.995224
0.995484 0.994908
0.992612 0.994097
0.997349 0.99645
0.997878 0.990588
0.995765 0.990588
0.993937 0.995224
0.995484 0.994908
0.994853 0.993947
0.99315 0.994898
0.995859 0.993463
0.995529 0.996033
0.993937 0.995224
0.995484 0.994908
0.994853 0.993947
0.99315 0.994898
0.995859 0.993463
0.995529 0.996033
0.995004 0.992564
0.995492 0.99657
0.99746 0.997356
0.996229 0.995556
0.995859 0.993463
0.995529 0.996033
0.995004 0.992564
0.995492 0.99657
0.99746 0.997356
0.996229 0.995556
0.993456 0.994907
0.994935 0.996125
0.996581 0.996278
0.997566 0.998756
0.99746 0.997356
0.996229 0.995556
0.993456 0.994907
0.994935 0.996125
0.996581 0.996278
0.997566 0.998756
0.994675 0.996827
0.995205 0.997354
0.996764 0.995368
0.998327 0.998733
0.996581 0.996278
0.997566 0.998756
0.994675 0.996827
0.995205 0.997354
0.996764 0.995368
0.998327 0.998733
0.996149 0.996411
0.996341 0.997605
0.997442 0.998742
0.999698 0.999685
0.996764 0.995368
0.998327 0.998733
0.996149 0.996411
0.996341 0.997605
0.997442 0.998742
0.999698 0.999685
0.997458 0.995734
0.99577 0.997558
0.998199 0.997189
0.9998 0.998793
0.997442 0.998742
0.999698 0.999685
0.997458 0.995734
0.99577 0.997558
0.998199 0.997189
0.9998 0.998793
0.99897 1
0.996918 0.998037
0.998286 0.99869
1 1
0.998199 0.997189
0.9998 0.998793
0.99897 1
0.996918 0.998037
0.998286 0.99869
1 1
0.999314 0.998824
0.997945 0.996479
0.99586 0.99375
0.99704 0.998953
0.998286 0.99869
1 1
0.999314 0.998824
0.997945 0.996479
0.99586 0.99375
0.99704 0.998953
0.962025 0.972222
0.957983 0.954545
0.98344 0.983888
0.989555 0.982833
0.99586 0.99375
0.99704 0.998953
0.962025 0.972222
0.957983 0.954545
0.98344 0.983888
0.989555 0.982833
0.983436 0.982833
0.968119 0.968288
0.978907 0.980635
0.982581 0.980439
0.98344 0.983888
0.989555 0.982833
0.983436 0.982833
0.968119 0.968288
0.978907 0.980635
0.982581 0.980439
0.984711 0.983831
0.986657 0.986658
0.987906 0.987077
0.988207 0.990058
0.978907 0.980635
0.982581 0.980439
0.984711 0.983831
0.986657 0.986658
0.987906 0.987077
0.988207 0.990058
0.986277 0.98587
0.990809 0.990802
0.991114 0.989885
0.990871 0.993402
0.987906 0.987077
0.988207 0.990058
0.986277 0.98587
0.990809 0.990802
0.991114 0.989885
0.990871 0.993402
0.985917 0.985679
0.990337 0.9902
0.992625 0.990584
0.994219 0.992283
0.991114 0.989885
0.990871 0.993402
0.985917 0.985679
0.990337 0.9902
0.992625 0.990584
0.994219 0.992283
0.985325 0.983051
0.988513 0.984827
0.993048 0.993621
0.99566 0.993621
0.992625 0.990584
0.994219 0.992283
0.985325 0.983051
0.988513 0.984827
0.993048 0.993621
0.99566 0.993621
0.987601 0.981921
0.991616 0.9875
0.990121 0.987399
0.996817 0.995915
0.993048 0.993621
0.99566 0.993621
0.987601 0.981921
0.991616 0.9875
0.990121 0.987399
0.996817 0.995915
0.986938 0.98636
0.987697 0.98552
0.988775 0.990325
0.997797 1
0.990121 0.987399
0.996817 0.995915
0.986938 0.98636
0.987697 0.98552
0.988775 0.990325
0.997797 1
0.99073 0.989189
0.989583 0.97992
0.991924 0.986755
0.997611 0.998883
0.988775 0.990325
0.997797 1
0.99073 0.989189
0.989583 0.97992
0.991924 0.986755
0.997611 0.998883
0.993915 0.988713
0.993915 0.995455
0.988152 0.98915
1 1
0.991924 0.986755
0.997611 0.998883
0.993915 0.988713
0.993915 0.995455
0.988152 0.98915
1 1
0.992355 1
0.996928 0.992674
0.961137 0.972366
0.953922 0.950478
0.988152 0.98915
1 1
0.992355 1
0.996928 0.992674
0.961137 0.972366
0.953922 0.950478
0.902319 0.892982
0.873943 0.866137
0.938515 0.928434
0.9522 0.947398
0.961137 0.972366
0.953922 0.950478
0.902319 0.892982
0.873943 0.866137
0.938515 0.928434
0.9522 0.947398
0.94578 0.948206
0.936845 0.932025
0.939659 0.938855
0.942118 0.946035
0.938515 0.928434
0.9522 0.947398
0.94578 0.948206
0.936845 0.932025
0.939659 0.938855
0.942118 0.946035
0.946699 0.941176
0.958321 0.958525
0.951059 0.956209
0.952814 0.945854
0.939659 0.938855
0.942118 0.946035
0.946699 0.941176
0.958321 0.958525
0.951059 0.956209
0.952814 0.945854
0.912821 0.899015
0.942679 0.945596
0.957938 0.95254
0.951739 0.945152
0.951059 0.956209
0.952814 0.945854
0.912821 0.899015
0.942679 0.945596
0.957938 0.95254
0.951739 0.945152
0.852995 0.861478
0.900958 0.909471
0.94363 0.935049
0.942568 0.945477
0.957938 0.95254
0.951739 0.945152
0.852995 0.861478
0.900958 0.909471
0.94363 0.935049
0.942568 0.945477
0.856187 0.847619
0.884793 0.857831
0.923648 0.922395
0.948802 0.969697
0.94363 0.935049
0.942568 0.945477
0.856187 0.847619
0.884793 0.857831
0.923648 0.922395
0.948802 0.969697
0.82287 0.817308
0.8322 0.805687
0.880503 0.882353
0.954545 0.965347
0.923648 0.922395
0.948802 0.969697
0.82287 0.817308
0.8322 0.805687
0.880503 0.882353
0.954545 0.965347
0.78 0.772727
0.787879 0.809524
0.778802 0.84127
0.988304 0.981481
0.880503 0.882353
0.954545 0.965347
0.78 0.772727
0.787879 0.809524
0.778802 0.84127
0.988304 0.981481
0.814815 0.901961
0.825 0.766667
0.730769 0.890625
1 0.966102
0.778802 0.84127
0.988304 0.981481
0.814815 0.901961
0.825 0.766667
0.730769 0.890625
1 0.966102
0.793103 0.888889
0.766667 0.914286
0.757576 0.846154
1 0.916667
0.730769 0.890625
1 0.966102
0.793103 0.888889
0.766667 0.914286
0.757576 0.846154
1 0.916667
1 0.857143
0.75 0.923077
0.6 0.857143
1 1
0.757576 0.846154
1 0.916667
1 0.857143
0.75 0.923077
0.6 0.857143
1 1
0.5 1
0.666667 1
0.859766 0.903226
0.847039 0.864198
0.6 0.857143
1 1
0.5 1
0.666667 1
0.859766 0.903226
0.847039 0.864198
0.685829 0.685504
0.62561 0.624161
0.654773 0.655769
0.700722 0.736501
0.859766 0.903226
0.847039 0.864198
0.685829 0.685504
0.62561 0.624161
0.654773 0.655769
0.700722 0.736501
0.762921 0.802353
0.808333 0.833741
0.7897 0.77521
0.808791 0.80744
0.654773 0.655769
0.700722 0.736501
0.762921 0.802353
0.808333 0.833741
0.7897 0.77521
0.808791 0.80744
0.568878 0.520231
0.710191 0.633803
0.733918 0.727891
0.707042 0.699346
0.7897 0.77521
0.808791 0.80744
0.568878 0.520231
0.710191 0.633803
0.733918 0.727891
0.707042 0.699346
0.416667 0.412844
0.562914 0.584416
0.642857 0.730159
0.731707 0.766667
0.733918 0.727891
0.707042 0.699346
0.416667 0.412844
0.562914 0.584416
0.642857 0.730159
0.731707 0.766667
0.407407 0.439024
0.452055 0.461538
0.568966 0.529412
0.846154 0.782609
0.642857 0.730159
0.731707 0.766667
0.407407 0.439024
0.452055 0.461538
0.568966 0.529412
0.846154 0.782609
0.294118 0.166667
0.263158 0.125
0.714286 0.1
0.833333 1
0.568966 0.529412
0.846154 0.782609
0.294118 0.166667
0.263158 0.125
0.714286 0.1
0.833333 1
0 0
0 1
0 0
1 1
0.714286 0.1
0.833333 1
0 0
0 1
0 0
1 1
1 1
1 1
1 1
1 1
0 0
1 1
1 1
1 1
1 1
1 1
1 1
1 1
1 1
1 1
1 1
1 1
1 1
1 1
1 1
1 1
1 1
1 1
1 1
1 1
1 1
1 1
1 1
1 1
1 1
1 1
1 1
1 1
1 1
1 1
1 1
1 1
1 1
1 1
1 1
1 1
1 1
1 1
1 1
1 1
1 1
1 1
1 1
1 1
1 1
1 1
1 1
1 1
1 1
1 1
1 1
1 1
1 1
1 1
1 1
1 1
1 1
1 1
1 1
1 1
1 1
1 1
1 1
1 1
1 1
1 1
1 1
1 1
1 1
1 1
1 1
1 1
1 1
1 1
1 1
1 1
1 1
1 1
1 1
1 1
1 1
1 1
1 1
1 1
1 1
1 1
1 1
1 1
1 1
1 1
1 1
1 1
1 1
1 1
1 1
1 1
1 1
1 1
1 1
1 1
1 1
1 1
1 1
1 1
1 1
1 1
1 1
1 1
1 1
1 1
1 1
1 1
1 1
1 1
1 1
1 1
1 1
1 1
1 1
1 1
1 1
1 1
1 1
1 1
1 1
1 1
1 1
1 1
1 1
1 1
1 1
1 1
1 1
1 1
1 1
1 1
1 1
1 1
1 1
1 1
1 1
1 1
1 1
1 1
1 1
1 1
1 1
1 1
1 1
1 1
1 1
1 1
1 1
1 1
1 1
1 1
1 1
1 1
1 1
1 1
1 1
1 1
1 1
1 1
1 1
1 1
1 1
1 1
1 1
1 1
1 1
1 1
1 1
1 1
1 1
1 1
1 1
1 1
1 1
1 1
1 1
1 1
1 1
1 1
1 1
1 1
1 1
1 1
1 1
1 1
1 1
1 1
1 1
1 1
1 1
1 1
1 1
1 1
1 1
1 1
1 1
1 1
1 1
1 1
1 1
1 1
1 1
1 1
1 1
1 1
1 1
1 1
1 1
1 1
1 1
1 1
1 1
1 1
1 1
1 1
1 1
1 1
1 1
1 1
1 1
1 1
1 1
1 1
0.999389 0.998832
0.999389 1
1 1
1 1
1 1
1 1
0.999389 0.998832
0.999389 1
0.998168 1
1 1
0.999519 1
0.999759 1
0.999389 0.998832
0.999389 1
0.998168 1
1 1
0.999519 1
0.999759 1
0.998483 0.998964
0.997978 1
0.999281 0.999422
0.999856 1
0.999519 1
0.999759 1
0.998483 0.998964
0.997978 1
0.999281 0.999422
0.999856 1
0.998914 0.999633
0.998552 0.999266
0.999237 0.998897
0.999782 1
0.999281 0.999422
0.999856 1
0.998914 0.999633
0.998552 0.999266
0.999237 0.998897
0.999782 1
0.999549 0.9997
0.999099 0.999401
0.999216 0.999051
0.999922 0.999842
0.999237 0.998897
0.999782 1
0.999549 0.9997
0.999099 0.999401
0.999216 0.999051
0.999922 0.999842
0.999795 0.999374
0.99959 0.998748
0.999692 0.998956
1 1
0.999216 0.999051
0.999922 0.999842
0.999795 0.999374
0.99959 0.998748
0.999692 0.998956
1 1
1 0.999664
0.999672 0.999664
0.999508 0.999329
1 1
0.999692 0.998956
1 1
1 0.999664
0.999672 0.999664
0.999508 0.999329
1 1
1 1
1 1
1 1
1 1
0.999508 0.999329
1 1
1 1
1 1
1 1
1 1
1 1
1 1
1 1
1 1
1 1
1 1
1 1
1 1
1 1
1 1
1 1
1 1
0.99811 1
0.997167 0.998095
1 1
1 1
1 1
1 1
0.99811 1
0.997167 0.998095
1 1
1 0.996198
0.997905 0.998458
0.997122 0.997945
0.99811 1
0.997167 0.998095
1 1
1 0.996198
0.997905 0.998458
0.997122 0.997945
0.997643 0.998454
0.996859 0.998454
0.998257 0.998623
0.998793 0.998074
0.997905 0.998458
0.997122 0.997945
0.997643 0.998454
0.996859 0.998454
0.998257 0.998623
0.998793 0.998074
0.997191 0.995835
0.99688 0.997433
0.998734 0.997246
0.99905 0.999363
0.998257 0.998623
0.998793 0.998074
0.997191 0.995835
0.99688 0.997433
0.998734 0.997246
0.99905 0.999363
0.998512 0.995763
0.997473 0.99697
0.997782 0.998199
0.999667 1
0.998734 0.997246
0.99905 0.999363
0.998512 0.995763
0.997473 0.99697
0.997782 0.998199
0.999667 1
0.998138 0.997819
0.99851 0.998182
0.997995 0.99972
0.999857 1
0.997782 0.998199
0.999667 1
0.998138 0.997819
0.99851 0.998182
0.997995 0.99972
0.999857 1
0.998718 0.998987
0.99795 0.998482
0.998822 0.999212
0.999803 1
0.997995 0.99972
0.999857 1
0.998718 0.998987
0.99795 0.998482
0.998822 0.999212
0.999803 1
0.999643 0.997133
1 1
0.99952 0.997496
1 1
0.998822 0.999212
0.999803 1
0.999643 0.997133
1 1
0.99952 0.997496
1 1
1 0.999142
1 0.998285
0.998831 0.997429
0.99961 1
0.99952 0.997496
1 1
1 0.999142
1 0.998285
0.998831 0.997429
0.99961 1
1 1
1 1
1 0.997131
0.998664 1
0.998831 0.997429
0.99961 1
1 1
1 1
1 0.997131
0.998664 1
1 1
0.992 0.989474
0.994115 0.993405
0.994952 0.992586
1 0.997131
0.998664 1
1 1
0.992 0.989474
0.994115 0.993405
0.994952 0.992586
0.98995 0.996691
0.99078 0.989327
0.990755 0.993241
0.988432 0.992936
0.994115 0.993405
0.994952 0.992586
0.98995 0.996691
0.99078 0.989327
0.990755 0.993241
0.988432 0.992936
0.990415 0.989285
0.994068 0.993984
0.993168 0.993639
0.994546 0.995943
0.990755 0.993241
0.988432 0.992936
0.990415 0.989285
0.994068 0.993984
0.993168 0.993639
0.994546 0.995943
0.990589 0.990934
0.992735 0.991419
0.99435 0.99471
0.996449 0.996404
0.993168 0.993639
0.994546 0.995943
0.990589 0.990934
0.992735 0.991419
0.99435 0.99471
0.996449 0.996404
0.990137 0.989303
0.992738 0.990514
0.995081 0.995538
0.998766 0.996526
0.99435 0.99471
0.996449 0.996404
0.990137 0.989303
0.992738 0.990514
0.995081 0.995538
0.998766 0.996526
0.994863 0.993049
0.991622 0.992063
0.994542 0.992843
0.999452 0.998401
0.995081 0.995538
0.998766 0.996526
0.994863 0.993049
0.991622 0.992063
0.994542 0.992843
0.999452 0.998401
0.99446 0.99532
0.992055 0.992224
0.992077 0.996591
0.9989 0.998861
0.994542 0.992843
0.999452 0.998401
0.99446 0.99532
0.992055 0.992224
0.992077 0.996591
0.9989 0.998861
0.997462 0.995914
0.99645 0.994898
0.995259 0.995098
0.999207 1
0.992077 0.996591
0.9989 0.998861
0.997462 0.995914
0.99645 0.994898
0.995259 0.995098
0.999207 1
0.996206 0.998615
0.996963 1
0.995101 0.995526
1 0.998878
0.995259 0.995098
0.999207 1
0.996206 0.998615
0.996963 1
0.995101 0.995526
1 0.998878
1 0.997579
1 0.997579
0.997462 0.998208
1 0.998208
0.995101 0.995526
1 0.998878
1 0.997579
1 0.997579
0.997462 0.998208
1 0.998208
1 1
1 1
0.98845 0.982317
0.983208 0.981449
0.997462 0.998208
1 0.998208
1 1
1 1
0.98845 0.982317
0.983208 0.981449
0.946093 0.944835
0.921484 0.924436
0.948508 0.948197
0.954526 0.96418
0.98845 0.982317
0.983208 0.981449
0.946093 0.944835
0.921484 0.924436
0.948508 0.948197
0.954526 0.96418
0.960879 0.969245
0.967073 0.960987
0.964286 0.968106
0.957383 0.965927
0.948508 0.948197
0.954526 0.96418
0.960879 0.969245
0.967073 0.960987
0.964286 0.968106
0.957383 0.965927
0.950974 0.957502
0.972131 0.976127
0.974116 0.985617
0.974116 0.976744
0.964286 0.968106
0.957383 0.965927
0.950974 0.957502
0.972131 0.976127
0.974116 0.985617
0.974116 0.976744
0.931627 0.943736
0.956879 0.956654
0.977552 0.980354
0.980392 0.986816
0.974116 0.985617
0.974116 0.976744
0.931627 0.943736
0.956879 0.956654
0.977552 0.980354
0.980392 0.986816
0.926613 0.94494
0.934906 0.946349
0.957657 0.959027
0.986909 0.98294
0.977552 0.980354
0.980392 0.986816
0.926613 0.94494
0.934906 0.946349
0.957657 0.959027
0.986909 0.98294
0.918919 0.948925
0.91746 0.948925
0.933833 0.949192
0.990728 0.995157
0.957657 0.959027
0.986909 0.98294
0.918919 0.948925
0.91746 0.948925
0.933833 0.949192
0.990728 0.995157
0.952141 0.955556
0.933333 0.900524
0.93617 0.939914
0.987755 0.995455
0.933833 0.949192
0.990728 0.995157
0.952141 0.955556
0.933333 0.900524
0.93617 0.939914
0.987755 0.995455
0.989247 0.963303
0.978723 0.972222
0.943038 0.952756
0.993333 0.991803
0.93617 0.939914
0.987755 0.995455
0.989247 0.963303
0.978723 0.972222
0.943038 0.952756
0.993333 0.991803
0.984615 0.969231
0.984615 0.969231
0.953333 0.940476
1 1
0.943038 0.952756
0.993333 0.991803
0.984615 0.969231
0.984615 0.969231
0.953333 0.940476
1 1
1 0.969697
0.973684 1
0.97561 0.944444
1 1
0.953333 0.940476
1 1
1 0.969697
0.973684 1
0.97561 0.944444
1 1
1 1
0.947368 1
1 1
1 1
0.97561 0.944444
1 1
1 1
0.947368 1
1 1
1 1
0.833333 1
1 1
0.952261 0.957831
0.938119 0.924419
1 1
1 1
0.833333 1
1 1
0.952261 0.957831
0.938119 0.924419
0.860412 0.887006
0.747515 0.792929
0.704992 0.698997
0.722481 0.741135
0.952261 0.957831
0.938119 0.924419
0.860412 0.887006
0.747515 0.792929
0.704992 0.698997
0.722481 0.741135
0.802768 0.806202
0.87218 0.877637
0.860034 0.875472
0.867347 0.885496
0.704992 0.698997
0.722481 0.741135
0.802768 0.806202
0.87218 0.877637
0.860034 0.875472
0.867347 0.885496
0.578723 0.589147
0.657005 0.808511
0.835227 0.774775
0.794595 0.834951
0.860034 0.875472
0.867347 0.885496
0.578723 0.589147
0.657005 0.808511
0.835227 0.774775
0.794595 0.834951
0.5 0.53125
0.633333 0.618182
0.666667 0.708333
0.892308 0.894737
0.835227 0.774775
0.794595 0.834951
0.5 0.53125
0.633333 0.618182
0.666667 0.708333
0.892308 0.894737
0.24 0.434783
0.342857 0.5
0.352941 0.631579
1 1
0.666667 0.708333
0.892308 0.894737
0.24 0.434783
0.342857 0.5
0.352941 0.631579
1 1
0.25 1
1 0.333333
0.2 0.5
1 1
0.352941 0.631579
1 1
0.25 1
1 0.333333
0.2 0.5
1 1
1 0.666667
0 1
1 1
1 1
0.2 0.5
1 1
1 0.666667
0 1
1 1
1 1
1 1
1 1
1 1
1 1
1 1
1 1
1 1
1 1
1 1
1 1
1 1
1 1
1 1
1 1
1 1
1 1
1 1
1 1
1 1
1 1
1 1
1 1
1 1
1 1
1 1
1 1
1 1
1 1
1 1
1 1
1 1
1 1
1 1
1 1
1 1
1 1
1 1
1 1
1 1
1 1
1 1
1 1
1 1
1 1
1 1
1 1
1 1
1 1
1 1
1 1
1 1
1 1
1 1
1 1
1 1
1 1
1 1
1 1
1 1
1 1
1 1
1 1
1 1
1 1
1 1
1 1
1 1
1 1
1 1
1 1
1 1
1 1
1 1
1 1
1 1
1 1
1 1
1 1
1 1
1 1
1 1
1 1
1 1
1 1
1 1
1 1
1 1
1 1
1 1
1 1
1 1
1 1
1 1
1 1
1 1
1 1
1 1
1 1
1 1
1 1
1 1
1 1
1 1
1 1
1 1
1 1
1 1
1 1
1 1
1 1
1 1
1 1
1 1
1 1
1 1
1 1
1 1
1 1
1 1
1 1
1 1
1 1
1 1
1 1
1 1
1 1
1 1
1 1
1 1
1 1
1 1
1 1
1 1
1 1
1 1
1 1
1 1
1 1
1 1
1 1
1 1
1 1
1 1
1 1
1 1
1 1
1 1
1 1
1 1
1 1
1 1
1 1
1 1
1 1
1 1
1 1
1 1
1 1
1 1
1 1
1 1
1 1
1 1
1 1
1 1
1 1
1 1
1 1
1 1
1 1
1 1
1 1
1 1
1 1
1 1
1 1
1 1
1 1
1 1
1 1
1 1
1 1
1 1
1 1
1 1
1 1
1 1
1 1
1 1
1 1
1 1
1 1
1 1
1 1
1 1
1 1
1 1
1 1
1 1
1 1
1 1
1 1
1 1
1 1
1 1
1 1
1 1
1 1
1 1
1 1
1 1
1 1
1 1
1 1
1 1
1 1
1 1
1 1
1 1
1 1
1 1
1 1
1 1
1 1
1 1
1 1
1 1
1 1
1 1
1 1
1 1
1 1
1 1
0.99909 1
1 1
1 1
1 1
1 1
1 1
0.99909 1
1 1
0.999089 1
1 1
1 1
1 1
0.99909 1
1 1
0.999089 1
1 1
1 1
1 1
0.999243 0.998505
0.999154 0.999176
0.999788 1
1 1
1 1
1 1
0.999243 0.998505
0.999154 0.999176
0.999788 1
0.999734 1
0.999202 1
0.999168 0.999673
1 1
0.999154 0.999176
0.999788 1
0.999734 1
0.999202 1
0.999168 0.999673
1 1
1 1
1 0.999549
0.999881 0.999771
1 1
0.999168 0.999673
1 1
1 1
1 0.999549
0.999881 0.999771
1 1
1 1
0.999684 1
0.999842 0.999084
1 0.999694
0.999881 0.999771
1 1
1 1
0.999684 1
0.999842 0.999084
1 0.999694
1 0.999534
0.999755 1
1 1
1 1
0.999842 0.999084
1 0.999694
1 0.999534
0.999755 1
1 1
1 1
1 1
1 1
1 1
1 1
1 1
1 1
1 1
1 1
1 1
1 1
1 1
1 1
1 1
1 1
1 1
1 1
1 1
1 1
1 1
1 1
1 1
1 1
1 1
1 1
1 1
1 1
1 1
1 1
1 1
1 1
1 1
0.998753 1
0.998903 0.99855
0.998538 0.99855
1 1
1 1
1 1
0.998753 1
0.998903 0.99855
0.998538 0.99855
0.998535 0.999274
0.998169 0.999274
0.999403 0.999255
0.998807 0.999627
0.998903 0.99855
0.998538 0.99855
0.998535 0.999274
0.998169 0.999274
0.999403 0.999255
0.998807 0.999627
0.998583 0.997446
0.998111 0.997021
0.998572 0.999107
0.999524 0.999107
0.999403 0.999255
0.998807 0.999627
0.998583 0.997446
0.998111 0.997021
0.998572 0.999107
0.999524 0.999107
0.998856 0.999569
0.997942 0.99785
0.999314 0.99872
0.999657 1
0.998572 0.999107
0.999524 0.999107
0.998856 0.999569
0.997942 0.99785
0.999314 0.99872
0.999657 1
0.999717 0.998899
0.997458 1
0.999157 0.999584
0.999789 1
0.999314 0.99872
0.999657 1
0.999717 0.998899
0.997458 1
0.999157 0.999584
0.999789 1
0.998879 1
0.999252 0.99928
0.99914 0.999442
1 1
0.999157 0.999584
0.999789 1
0.998879 1
0.999252 0.99928
0.99914 0.999442
1 1
0.999506 1
1 1
1 0.999375
1 1
0.99914 0.999442
1 1
0.999506 1
1 1
1 0.999375
1 1
1 1
1 1
1 1
1 1
1 0.999375
1 1
1 1
1 1
1 1
1 1
1 1
1 0.99835
1 1
1 0.998478
1 1
1 1
1 1
1 0.99835
1 1
1 0.998478
1 1
1 1
0.998914 0.99895
0.996208 0.997901
1 1
1 0.998478
1 1
1 1
0.998914 0.99895
0.996208 0.997901
0.995666 0.990625
0.996206 0.992693
0.994776 0.998714
0.995192 0.994874
0.998914 0.99895
0.996208 0.997901
0.995666 0.990625
0.996206 0.992693
0.994776 0.998714
0.995192 0.994874
0.991028 0.992593
0.99528 0.992593
0.996911 0.996558
0.996526 0.99735
0.994776 0.998714
0.995192 0.994874
0.991028 0.992593
0.99528 0.992593
0.996911 0.996558
0.996526 0.99735
0.993247 0.994444
0.995378 0.995136
0.996017 0.996861
0.998583 0.999213
0.996911 0.996558
0.996526 0.99735
0.993247 0.994444
0.995378 0.995136
0.996017 0.996861
0.998583 0.999213
0.994236 0.997131
0.993827 0.995092
0.997046 0.995812
0.999065 0.999353
0.996017 0.996861
0.998583 0.999213
0.994236 0.997131
0.993827 0.995092
0.997046 0.995812
0.999065 0.999353
0.996384 0.998134
0.996084 0.994424
0.9977 0.994668
0.999309 0.99854
0.997046 0.995812
0.999065 0.999353
0.996384 0.998134
0.996084 0.994424
0.9977 0.994668
0.999309 0.99854
0.997711 0.998193
0.994675 1
0.994391 0.995215
1 1
0.9977 0.994668
0.999309 0.99854
0.997711 0.998193
0.994675 1
0.994391 0.995215
1 1
0.999378 1
0.99628 1
0.997659 0.999032
1 1
0.994391 0.995215
1 1
0.999378 1
0.99628 1
0.997659 0.999032
1 1
1 1
0.999092 1
0.999278 0.997191
0.999278 1
0.997659 0.999032
1 1
1 1
0.999092 1
0.999278 0.997191
0.999278 1
1 1
1 0.997222
1 1
1 1
0.999278 0.997191
0.999278 1
1 1
1 0.997222
1 1
1 1
1 1
0.998299 1
0.997799 0.997701
0.99506 0.996556
1 1
1 1
1 1
0.998299 1
0.997799 0.997701
0.99506 0.996556
0.985171 0.980211
0.957994 0.963684
0.968441 0.967636
0.970839 0.971366
0.997799 0.997701
0.99506 0.996556
0.985171 0.980211
0.957994 0.963684
0.968441 0.967636
0.970839 0.971366
0.978175 0.978672
0.977286 0.978672
0.983515 0.978762
0.97677 0.9713
0.968441 0.967636
0.970839 0.971366
0.978175 0.978672
0.977286 0.978672
0.983515 0.978762
0.97677 0.9713
0.960253 0.961679
0.978821 0.981378
0.986168 0.986163
0.990991 0.992501
0.983515 0.978762
0.97677 0.9713
0.960253 0.961679
0.978821 0.981378
0.986168 0.986163
0.990991 0.992501
0.962019 0.957422
0.968063 0.954128
0.980341 0.979962
0.996005 0.998056
0.986168 0.986163
0.990991 0.992501
0.962019 0.957422
0.968063 0.954128
0.980341 0.979962
0.996005 0.998056
0.97417 0.972917
0.965265 0.970894
0.966152 0.970266
0.994697 0.996785
0.980341 0.979962
0.996005 0.998056
0.97417 0.972917
0.965265 0.970894
0.966152 0.970266
0.994697 0.996785
0.986384 0.977528
0.978979 0.969359
0.970696 0.97669
1 1
0.966152 0.970266
0.994697 0.996785
0.986384 0.977528
0.978979 0.969359
0.970696 0.97669
1 1
0.987654 0.982456
0.982801 0.986784
0.973361 0.958333
0.995807 0.992157
0.970696 0.97669
1 1
0.987654 0.982456
0.982801 0.986784
0.973361 0.958333
0.995807 0.992157
0.990909 0.980392
0.986425 0.990099
0.980989 0.982456
1 1
0.973361 0.958333
0.995807 0.992157
0.990909 0.980392
0.986425 0.990099
0.980989 0.982456
1 1
1 1
0.991379 1
0.986301 0.945455
1 1
0.980989 0.982456
1 1
1 1
0.991379 1
0.986301 0.945455
1 1
1 1
0.985714 0.958333
0.978261 1
1 1
0.986301 0.945455
1 1
1 1
0.985714 0.958333
0.978261 1
1 1
1 1
1 1
1 1
1 1
0.978261 1
1 1
1 1
1 1
1 1
1 1
1 1
1 1
0.964981 0.971014
0.984127 0.978102
1 1
1 1
1 1
1 1
0.964981 0.971014
0.984127 0.978102
0.941909 0.89726
0.847015 0.850649
0.766055 0.778281
0.759091 0.788991
0.964981 0.971014
0.984127 0.978102
0.941909 0.89726
0.847015 0.850649
0.766055 0.778281
0.759091 0.788991
0.789976 0.791667
0.880319 0.934426
0.913253 0.93401
0.88345 0.888889
0.766055 0.778281
0.759091 0.788991
0.789976 0.791667
0.880319 0.934426
0.913253 0.93401
0.88345 0.888889
0.7277 0.55102
0.767327 0.80597
0.9 0.794872
0.936416 0.849315
0.913253 0.93401
0.88345 0.888889
0.7277 0.55102
0.767327 0.80597
0.9 0.794872
0.936416 0.849315
0.617978 0.65625
0.604396 0.617647
0.730769 0.69697
0.982759 0.92
0.9 0.794872
0.936416 0.849315
0.617978 0.65625
0.604396 0.617647
0.730769 0.69697
0.982759 0.92
0.428571 0.714286
0.409091 0.588235
0.322581 0.555556
0.909091 0.909091
0.730769 0.69697
0.982759 0.92
0.428571 0.714286
0.409091 0.588235
0.322581 0.555556
0.909091 0.909091
0.75 0.4
0.5 1
0.428571 0.666667
1 1
0.322581 0.555556
0.909091 0.909091
0.75 0.4
0.5 1
0.428571 0.666667
1 1
1 1
1 1
1 0
1 1
0.428571 0.666667
1 1
1 1
1 1
1 0
1 1
1 1
1 1
1 1
1 1
1 0
1 1
1 1
1 1
1 1
1 1
1 1
1 1
1 1
1 1
1 1
1 1
1 1
1 1
1 1
1 1
1 1
1 1
1 1
1 1
1 1
1 1
1 1
1 1
1 1
1 1
1 1
1 1
1 1
1 1
1 1
1 1
1 1
1 1
1 1
1 1
1 1
1 1
1 1
1 1
1 1
1 1
1 1
1 1
1 1
1 1
1 1
1 1
1 1
1 1
1 1
1 1
1 1
1 1
1 1
1 1
1 1
1 1
1 1
1 1
1 1
1 1
1 1
1 1
1 1
1 1
1 1
1 1
1 1
1 1
1 1
1 1
1 1
1 1
1 1
1 1
1 1
1 1
1 1
1 1
1 1
1 1
1 1
1 1
1 1
1 1
1 1
1 1
1 1
1 1
1 1
1 1
1 1
1 1
1 1
1 1
1 1
1 1
1 1
1 1
1 1
1 1
1 1
1 1
1 1
1 1
1 1
1 1
1 1
1 1
1 1
1 1
1 1
1 1
1 1
1 1
1 1
1 1
1 1
1 1
1 1
1 1
1 1
1 1
1 1
1 1
1 1
1 1
1 1
1 1
1 1
1 1
1 1
1 1
1 1
1 1
1 1
1 1
1 1
1 1
1 1
1 1
1 1
1 1
1 1
1 1
1 1
1 1
1 1
1 1
1 1
1 1
1 1
1 1
1 1
1 1
1 1
1 1
1 1
1 1
1 1
1 1
1 1
1 1
1 1
1 1
1 1
1 1
1 1
1 1
1 1
1 1
1 1
1 1
1 1
1 1
1 1
1 1
1 1
1 1
1 1
1 1
1 1
1 1
1 1
1 1
1 1
1 1
1 1
1 1
1 1
1 1
1 1
1 1
1 1
1 1
1 1
1 1
1 1
1 1
1 1
1 1
1 1
1 1
1 1
1 1
1 1
1 1
1 1
1 1
1 1
1 1
1 1
1 1
1 1
1 1
1 1
1 1
1 1
1 1
1 1
1 1
1 1
1 1
1 1
1 1
1 1
1 1
1 1
1 1
1 1
1 1
1 1
1 1
1 1
1 1
1 0.998553
0.999367 1
0.999723 1
1 1
1 1
1 1
1 0.998553
0.999367 1
0.999723 1
1 1
0.999704 0.999427
0.999112 1
1 1
1 1
0.999723 1
1 1
0.999704 0.999427
0.999112 1
1 1
1 1
1 1
1 1
0.999868 0.999726
1 1
1 1
1 1
1 1
1 1
0.999868 0.999726
1 1
0.99982 0.999598
1 1
1 1
1 1
0.999868 0.999726
1 1
0.99982 0.999598
1 1
1 1
1 1
1 1
0.999854 1
0.999854 1
1 1
1 1
1 1
1 1
0.999854 1
0.999854 1
1 1
1 1
1 1
0.999511 1
1 1
0.999854 1
1 1
1 1
1 1
0.999511 1
1 1
1 1
1 1
1 1
1 1
0.999511 1
1 1
1 1
1 1
1 1
1 1
1 1
1 1
1 1
1 1
1 1
1 1
1 1
1 1
1 1
1 1
1 1
1 1
0.999049 0.998613
1 1
1 1
1 1
1 1
1 1
0.999049 0.998613
1 1
1 1
0.999049 0.998613
1 1
0.999496 0.999534
0.999049 0.998613
1 1
1 1
0.999049 0.998613
1 1
0.999496 0.999534
0.999747 0.999065
0.999242 0.999532
0.99987 0.999749
0.99974 1
1 1
0.999496 0.999534
0.999747 0.999065
0.999242 0.999532
0.99987 0.999749
0.99974 1
0.998947 0.998781
0.998947 0.998781
0.999376 0.99958
0.999896 1
0.99987 0.999749
0.99974 1
0.998947 0.998781
0.998947 0.998781
0.999376 0.99958
0.999896 1
0.999402 1
0.998358 0.999401
0.999441 0.998663
1 1
0.999376 0.99958
0.999896 1
0.999402 1
0.998358 0.999401
0.999441 0.998663
1 1
0.999616 0.99848
0.999616 0.99924
0.999435 0.999447
1 1
0.999441 0.998663
1 1
0.999616 0.99848
0.999616 0.99924
0.999435 0.999447
1 1
1 1
0.999271 1
0.999819 0.99964
1 1
0.999435 0.999447
1 1
1 1
0.999271 1
0.999819 0.99964
1 1
1 1
1 0.999388
1 1
1 1
0.999819 0.99964
1 1
1 1
1 0.999388
1 1
1 1
1 1
1 1
0.99968 1
1 1
1 1
1 1
1 1
1 1
0.99968 1
1 1
1 1
1 1
1 1
1 1
0.99968 1
1 1
1 1
1 1
1 1
1 1
1 1
1 0.992248
0.999116 0.998775
0.999116 0.998775
1 1
1 1
1 1
1 0.992248
0.999116 0.998775
0.999116 0.998775
0.99794 0.998775
0.998528 0.996944
0.998976 0.999253
0.998863 0.99826
0.999116 0.998775
0.999116 0.998775
0.99794 0.998775
0.998528 0.996944
0.998976 0.999253
0.998863 0.99826
0.995927 0.994881
0.996159 0.995136
0.998715 0.997054
0.999168 0.999068
0.998976 0.999253
0.998863 0.99826
0.995927 0.994881
0.996159 0.995136
0.998715 0.997054
0.999168 0.999068
0.998113 0.997974
0.997221 0.995555
0.996807 0.996753
0.999256 0.999704
0.998715 0.997054
0.999168 0.999068
0.998113 0.997974
0.997221 0.995555
0.996807 0.996753
0.999256 0.999704
0.998508 0.997945
0.998012 0.997945
0.997955 0.997858
0.999535 0.999642
0.996807 0.996753
0.999256 0.999704
0.998508 0.997945
0.998012 0.997945
0.997955 0.997858
0.999535 0.999642
0.999507 1
0.998686 0.998689
0.998886 0.996716
0.999876 0.999747
0.997955 0.997858
0.999535 0.999642
0.999507 1
0.998686 0.998689
0.998886 0.996716
0.999876 0.999747
1 1
0.998512 0.999528
0.998359 0.999284
1 0.999642
0.998886 0.996716
0.999876 0.999747
1 1
0.998512 0.999528
0.998359 0.999284
1 0.999642
1 0.999364
0.999704 0.998729
0.99932 1
1 0.999521
0.998359 0.999284
1 0.999642
1 0.999364
0.999704 0.998729
0.99932 1
1 0.999521
1 1
1 1
0.999683 0.998693
1 1
0.99932 1
1 0.999521
1 1
1 1
0.999683 0.998693
1 1
1 1
1 1
1 0.999228
1 1
0.999683 0.998693
1 1
1 1
1 1
1 0.999228
1 1
1 1
1 1
0.998988 0.998989
0.99823 0.999494
1 0.999228
1 1
1 1
1 1
0.998988 0.998989
0.99823 0.999494
0.994732 0.993917
0.991965 0.991505
0.990521 0.991648
0.983467 0.982079
0.998988 0.998989
0.99823 0.999494
0.994732 0.993917
0.991965 0.991505
0.990521 0.991648
0.983467 0.982079
0.981787 0.975031
0.990881 0.989234
0.99374 0.992851
0.992518 0.990638
0.990521 0.991648
0.983467 0.982079
0.981787 0.975031
0.990881 0.989234
0.99374 0.992851
0.992518 0.990638
0.985596 0.981269
0.985462 0.986634
0.993098 0.990702
0.997799 0.99852
0.99374 0.992851
0.992518 0.990638
0.985596 0.981269
0.985462 0.986634
0.993098 0.990702
0.997799 0.99852
0.990406 0.990659
0.983543 0.98789
0.990253 0.990812
0.998965 0.998072
0.993098 0.990702
0.997799 0.99852
0.990406 0.990659
0.983543 0.98789
0.990253 0.990812
0.998965 0.998072
0.994154 0.996855
0.989015 0.990625
0.99235 0.98503
1 0.998786
0.990253 0.990812
0.998965 0.998072
0.994154 0.996855
0.989015 0.990625
0.99235 0.98503
1 0.998786
0.998975 0.997636
0.997953 0.996458
0.994022 0.993371
0.999599 1
0.99235 0.98503
1 0.998786
0.998975 0.997636
0.997953 0.996458
0.994022 0.993371
0.999599 1
0.999197 1
0.997596 0.998285
0.99631 0.998599
1 1
0.994022 0.993371
0.999599 1
0.999197 1
0.997596 0.998285
0.99631 0.998599
1 1
0.998913 0.997033
0.998913 1
0.999091 0.997712
1 1
0.99631 0.998599
1 1
0.998913 0.997033
0.998913 1
0.999091 0.997712
1 1
1 1
1 1
0.998492 1
1 1
0.999091 0.997712
1 1
1 1
1 1
0.998492 1
1 1
1 1
1 1
0.99726 1
1 1
0.998492 1
1 1
1 1
1 1
0.99726 1
1 1
1 1
1 1
1 1
1 1
0.99726 1
1 1
1 1
1 1
1 1
1 1
1 1
1 1
0.991416 0.984252
0.99784 0.992063
1 1
1 1
1 1
1 1
0.991416 0.984252
0.99784 0.992063
0.979644 0.986784
0.939024 0.906883
0.908163 0.956522
0.842271 0.867606
0.991416 0.984252
0.99784 0.992063
0.979644 0.986784
0.939024 0.906883
0.908163 0.956522
0.842271 0.867606
0.810478 0.843137
0.873754 0.912121
0.943366 0.965116
0.960461 0.979351
0.908163 0.956522
0.842271 0.867606
0.810478 0.843137
0.873754 0.912121
0.943366 0.965116
0.960461 0.979351
0.771536 0.833333
0.801556 0.787671
0.878893 0.888889
0.988327 0.986301
0.943366 0.965116
0.960461 0.979351
0.771536 0.833333
0.801556 0.787671
0.878893 0.888889
0.988327 0.986301
0.846774 0.909091
0.813953 0.833333
0.746575 0.8
1 0.984615
0.878893 0.888889
0.988327 0.986301
0.846774 0.909091
0.813953 0.833333
0.746575 0.8
1 0.984615
0.896552 0.916667
0.912281 0.916667
0.833333 0.942857
1 1
0.746575 0.8
1 0.984615
0.896552 0.916667
0.912281 0.916667
0.833333 0.942857
1 1
1 1
1 1
0.875 0.8
1 1
0.833333 0.942857
1 1
1 1
1 1
0.875 0.8
1 1
1 1
1 1
1 1
1 1
0.875 0.8
1 1
1 1
1 1
1 1
1 1
1 1
1 1
1 1
1 1
1 1
1 1
1 1
1 1
1 1
1 1
1 1
1 1
1 1
1 1
1 1
1 1
1 1
1 1
1 1
1 1
1 1
1 1
1 1
1 1
1 1
1 1
1 1
1 1
1 1
1 1
1 1
1 1
1 1
1 1
1 1
1 1
1 1
1 1
1 1
1 1
1 1
1 1
1 1
1 1
1 1
1 1
1 1
1 1
1 1
1 1
1 1
1 1
1 1
1 1
1 1
1 1
1 1
1 1
1 1
1 1
1 1
1 1
1 1
1 1
1 1
1 1
1 1
1 1
1 1
1 1
1 1
1 1
1 1
1 1
1 1
1 1
1 1
1 1
1 1
1 1
1 1
1 1
1 1
1 1
1 1
1 1
1 1
1 1
1 1
1 1
1 1
1 1
1 1
1 1
1 1
1 1
1 1
1 1
1 1
1 1
1 1
1 1
1 1
1 1
1 1
1 1
1 1
1 1
1 1
1 1
1 1
1 1
1 1
1 1
1 1
1 1
1 1
1 1
1 1
1 1
1 1
1 1
1 1
1 1
1 1
1 1
1 1
1 1
1 1
1 1
1 1
1 1
1 1
1 1
1 1
1 1
1 1
1 1
1 1
1 1
1 1
1 1
1 1
1 1
1 1
1 1
1 1
1 1
1 1
1 1
1 1
1 1
1 1
1 1
1 1
1 1
1 1
1 1
1 1
1 1
1 1
1 1
1 1
1 1
1 1
1 1
1 1
1 1
1 1
1 1
1 1
1 1
1 1
1 1
1 1
1 1
1 1
1 1
1 1
1 1
1 1
1 1
1 1
1 1
1 1
1 1
1 1
1 1
1 1
1 1
1 1
1 1
1 1
1 1
1 1
1 1
1 1
1 1
1 1
1 1
1 1
1 1
1 1
1 1
1 1
1 1
1 1
1 1
1 1
1 1
1 1
1 1
1 1
1 1
1 1
1 1
1 1
1 1
1 1
1 1
1 1
1 1
1 1
1 1
1 1
1 1
1 1
1 1
1 1
1 1
1 1
1 1
1 1
1 1
1 1
1 1
1 1
1 1
1 1
1 1
1 1
1 1
1 1
1 1
1 1
1 1
1 1
1 1
1 1
1 1
1 1
1 1
1 1
1 1
1 1
1 1
1 1
1 1
1 1
1 1
1 1
1 1
1 1
1 1
1 1
1 1
1 1
1 1
1 1
1 1
1 1
1 1
1 1
1 1
1 1
1 1
1 1
1 1
1 1
1 1
1 1
1 1
1 1
1 1
1 1
1 1
1 1
1 1
1 1
1 1
1 1
1 1
1 1
1 1
1 1
1 1
1 1
1 1
1 1
1 1
1 1
1 1
1 1
1 1
1 1
1 1
1 1
1 1
1 1
1 1
1 1
1 1
1 1
1 1
1 1
1 1
1 1
1 1
1 1
1 1
1 1
1 1
1 1
1 1
1 1
1 1
1 1
1 1
1 1
1 1
1 1
1 1
1 1
1 1
1 1
1 1
1 1
1 1
1 1
1 1
1 1
1 1
1 1
1 1
1 1
1 1
1 1
1 1
1 1
1 1
1 1
1 1
1 1
1 1
1 1
1 1
1 1
1 1
1 1
1 1
1 1
1 1
1 1
1 1
1 1
1 1
1 1
1 1
1 1
1 1
1 1
1 1
1 1
1 1
1 1
1 1
1 1
1 1
1 1
1 1
1 1
1 1
1 1
1 1
1 1
1 1
1 1
1 1
1 1
1 1
1 1
1 1
1 1
1 1
1 1
1 1
1 1
1 1
1 1
1 1
1 1
1 1
1 1
1 1
1 1
1 1
1 1
1 1
1 1
1 1
1 1
1 1
1 1
1 1
1 1
1 1
1 1
1 1
1 1
1 1
1 1
1 1
1 1
1 1
1 1
1 1
1 1
1 1
1 1
1 1
1 1
1 1
1 1
1 1
1 1
1 1
1 1
1 1
1 1
1 1
1 1
1 1
1 1
1 1
1 1
1 1
1 1
1 1
1 1
1 1
1 1
1 1
1 1
1 1
1 1
1 1
1 1
1 1
1 1
1 1
1 1
1 1
1 1
1 1
1 1
1 1
1 1
1 1
1 1
1 1
1 1
1 1
1 1
1 1
1 1
1 1
1 1
1 1
1 1
1 1
1 1
1 1
1 1
1 1
1 1
1 1
1 1
1 1
1 1
1 1
1 1
1 1
1 1
1 1
1 1
1 1
1 1
1 1
1 1
1 1
1 1
1 1
1 1
1 1
1 1
1 1
1 1
1 1
1 1
1 1
1 1
1 1
1 1
1 1
1 1
1 1
1 1
1 1
1 1
1 1
1 1
1 1
0 0
0 0
1 1
1 1
1 1
1 1
0 0
0 0
0 0
0 0
0 0
0 0
0 0
0 0
0 0
0 0
0 0
0 0
0 0
0 0
0 0
0 0
0 0
0 0
0 0
0 0
0 0
0 0
0 0
0 0
0 0
0 0
0 0
0 0
0 0
0 0
0 0
0 0
0 0
0 0
0 0
0 0
0 0
0 0
0 0
0 0
0 0
0 0
0 0
0 0
0 0
0 0
0 0
0 0
0 0
0 0
0 0
0 0
0 0
0 0
0 0
0 0
0 0
0 0
0 0
0 0
0 0
0 0
0 0
0 0
0 0
0 0
0 0
0 0
0 0
0 0
0 0
0 0
0 0
0 0
0 0
0 0
0 0
0 0
0 0
0 0
0 0
0 0
0 0
0 0
0 0
0 0
0 0
0 0
0 0
0 0
0 0
0 0
0 0
0 0
0 1
1 1
0 0
0 0
0 0
0 0
0 1
1 1
1 0
0 1
1 1
1 1
0 1
1 1
1 0
0 1
1 1
1 1
1 1
1 1
0 0
0 0
1 1
1 1
1 1
1 1
0 0
0 0
0 0
0 0
0 0
0 0
0 0
0 0
0 0
0 0
0 0
0 0
0 0
0 0
0 0
0 0
0 0
0 0
0 0
0 0
0 0
0 0
0 0
0 0
0 0
0 0
0 0
0 0
0 0
0 0
0 0
0 0
0 0
0 0
0 0
0 0
0 0
0 0
0 0
0 0
0 0
0 0
0 0
0 0
0 0
0 0
0 0
0 0
0 0
0 0
0 0
0 0
0 0
0 0
0 0
0 1
0 0
0 0
0 0
0 0
0 0
0 1
0 1
0 0
1 0
1 1
0 0
0 1
0 1
0 0
1 0
1 1
1 1
1 1
1 1
1 1
1 0
1 1
1 1
1 1
1 1
1 1
1 1
1 1
1 1
1 1
1 1
1 1
1 1
1 1
1 1
1 1
1 1
1 1
1 1
1 1
1 1
1 1
1 1
1 1
1 1
1 1
1 1
1 1
1 1
1 1
1 1
1 1
1 1
1 1
1 1
1 1
1 1
1 1
1 1
1 1
1 1
1 1
1 1
1 1
1 1
1 1
1 1
1 1
1 1
1 1
1 1
1 1
1 1
1 1
1 1
1 1
1 1
1 1
1 1
1 1
1 1
1 1
1 1
1 1
1 1
1 1
1 1
1 1
1 1
1 1
1 1
1 1
1 1
1 1
1 1
1 1
1 1
1 1
1 1
1 1
1 1
1 1
1 1
1 1
1 1
1 1
1 1
1 1
1 1
1 1
1 1
1 1
1 1
1 1
1 1
1 1
1 1
1 1
1 1
1 1
1 1
1 1
1 1
1 1
1 1
1 1
1 1
1 1
1 1
1 1
1 1
1 1
1 1
1 1
1 1
1 1
1 1
1 1
1 1
1 1
1 1
1 1
1 1
1 1
1 1
1 1
1 1
1 1
1 1
1 1
1 1
1 1
1 1
1 1
1 1
1 1
1 1
1 1
1 1
1 1
1 1
1 1
1 1
1 1
1 1
1 1
1 1
1 1
1 1
1 1
1 1
1 1
1 1
1 1
1 1
1 1
1 1
1 1
1 1
1 1
1 1
1 1
1 1
1 1
1 1
1 1
1 1
1 1
1 1
1 1
1 1
1 1
1 1
1 1
1 1
1 1
1 1
1 1
1 1
1 1
1 1
1 1
1 1
1 1
1 1
1 1
1 1
1 1
1 1
1 1
1 1
1 1
1 1
1 1
1 1
1 1
1 1
1 1
1 1
1 1
1 1
1 1
1 1
1 1
1 1
1 1
1 1
1 1
1 1
1 1
1 1
1 1
1 1
1 1
1 1
1 1
1 1
1 1
1 1
1 1
1 1
1 1
1 1
1 1
1 1
1 1
1 1
1 1
1 1
1 1
1 1
1 1
1 1
1 1
1 1
1 1
1 1
1 1
1 1
1 1
1 1
1 1
1 1
1 1
1 1
1 1
1 1
1 1
1 1
1 1
1 1
1 1
1 1
1 1
1 1
1 1
1 1
1 1
1 1
1 1
1 1
1 1
1 1
1 1
1 1
1 1
1 1
1 1
1 1
1 1
1 1
1 1
1 1
1 1
1 1
1 1
1 1
1 1
1 1
1 1
1 1
1 1
1 1
1 1
1 1
1 1
1 1
1 1
1 1
1 1
1 1
1 1
1 1
1 1
1 1
1 1
1 1
1 1
1 1
1 1
1 1
1 1
1 1
1 1
1 1
1 1
1 1
1 1
1 1
1 1
1 1
1 1
1 1
1 1
1 1
1 1
1 1
1 1
0 0
0 0
1 1
1 1
1 1
1 1
0 0
0 0
0 0
0 0
0 0
0 0
0 0
0 0
0 0
0 0
0 0
0 0
0 0
0 0
0 0
0 0
0 0
0 0
0 0
0 0
0 0
0 0
0 0
0 0
0 0
0 0
0 0
0 0
0 0
0 0
0 0
0 0
0 0
0 0
0 0
0 0
0 0
0 0
0 0
0 0
0 0
0 0
0 1
0 0
0 0
0 0
0 0
0 0
0 1
0 0
0 0
0 0
0 0
0 0
0 0
0 0
0 0
0 0
0 0
0 0
0 0
0 0
0 1
0 0
0 1
1 0
0 0
0 0
0 1
0 0
0 1
1 0
1 1
0 0
1 0
0 0
0 1
1 0
1 1
0 0
1 0
0 0
0 1
0 0
0 0
0 0
1 0
0 0
0 1
0 0
0 0
0 0
0 0
0 0
0 0
0 0
0 0
0 0
0 0
0 0
0 0
0 0
0 0
0 0
0 0
0 0
0 0
0 0
0 0
0 0
0 0
0 0
0 0
0 0
0 0
0 0
0 0
0 0
0 0
0 0
0 0
0 0
0 0
0 0
0 0
0 0
0 0
0 0
0 0
0 0
0 0
0 0
0 0
0 0
0 0
0 0
0 0
0 0
0 0
0 0
0 0
0 0
0 0
0 0
0 0
0 0
0 0
0 0
0 0
0 0
0 0
0 0
0 0
0 0
0 0
0 0
0 0
0 0
0 0
0 0
0 0
0 0
0 0
0 0
0 0
0 0
0 0
0 0
0 0
0 0
0 0
0 0
0 0
0 0
0 0
0 0
0 0
0 0
0 0
0 0
0 0
0 0
0 0
0 0
0 0
0 0
0 0
0 0
0 0
0 0
0 0
0 0
0 0
0 0
0 0
0 0
0 0
0 0
0 0
0 0
0 0
0 0
0 0
0 0
0 0
0 0
0 0
0 0
0 0
0 0
0 0
0 0
0 0
0 0
0 0
0 0
0 0
0 0
0 0
0 0
0 0
0 0
0 0
0 0
0 0
0 0
0 0
0 0
0 0
0 0
0 0
0 0
0 0
0 0
0 0
0 0
0 0
0 0
0 0
0 0
0 0
0 0
0 0
0 0
0 0
0 0
0 0
0 0
0 0
0 0
0 0
0 0
0 0
0 0
0 0
0 0
0 0
0 0
0 0
0 0
0 0
0 0
0 0
0 0
0 0
0 0
0 0
0 0
0 0
0 0
0 0
0 0
0 0
0 0
0 0
0 0
0 0
0 0
0 0
0 0
0 0
0 0
0 0
0 0
0 0
0 0
0 0
0 0
0 0
0 0
0 0
0 0
0 0
0 0
0 0
0 0
0 0
0 0
0 0
0 0
0 0
0 0
0 0
0 0
0 0
0 1
0 0
0 0
0 0
0 0
0 0
0 1
0 0
0 0
0 0
0 0
0 0
0 1
0 0
0 0
0 0
0 0
0 0
0 0
0 0
0 0
0 0
0 0
0 0
0 0
0 0
0 0
0 0
0 0
0 0
0 0
0 0
0 0
0 0
0 0
0 0
0 0
0 0
0 0
0 0
0 0
0 0
0 0
0 0
0 0
0 0
0 0
0 0
0 0
0 0
0 0
0 0
0 0
0 0
0 0
0 0
0 0
0 0
0 0
0 0
0 0
0 0
0 0
0 0
0 0
0 0
0 0
0 0
0 0
0 0
0 0
0 0
0 0
0 0
0 0
0 0
0 0
1 0
0 0
0 0
1 1
0 0
0 0
1 0
0 0
0 0
1 1
1 1
1 1
1 1
1 1
0 0
1 1
1 1
1 1
1 1
1 1
1 1
1 1
1 1
1 1
1 1
1 1
1 1
1 1
1 1
1 1
1 1
1 1
1 1
1 1
1 1
1 1
1 1
1 1
1 1
1 1
1 1
1 1
1 1
1 1
1 1
1 1
1 1
1 1
1 1
1 1
1 1
1 1
1 1
1 1
1 1
1 1
1 1
1 1
1 1
1 1
1 1
1 1
1 1
1 1
1 1
1 1
1 1
1 1
1 1
1 1
1 1
1 1
1 1
1 1
1 1
1 1
1 1
1 1
1 1
1 1
1 1
1 1
1 1
1 1
1 1
1 1
1 1
1 1
1 1
1 1
1 1
1 1
1 1
1 1
1 1
1 1
1 1
1 1
1 1
1 1
1 1
1 1
1 1
1 1
1 1
1 1
1 1
1 1
1 1
1 1
1 1
1 1
1 1
1 1
1 1
1 1
1 1
1 1
1 1
1 1
1 1
1 1
1 1
1 1
1 1
1 1
1 1
1 1
1 1
1 1
1 1
1 1
1 1
1 1
1 1
1 1
1 1
1 1
1 1
1 1
1 1
1 1
1 1
1 1
1 1
1 1
1 1
1 1
1 1
1 1
1 1
1 1
1 1
1 1
1 1
1 1
1 1
1 1
1 1
1 1
1 1
1 1
1 1
1 1
1 1
1 1
1 1
1 1
1 1
1 1
1 1
1 1
1 1
1 1
1 1
1 1
1 1
1 1
1 1
1 1
1 1
1 1
1 1
1 1
1 1
1 1
1 1
1 1
1 1
1 1
1 1
1 1
1 1
1 1
1 1
1 1
1 1
1 1
1 1
1 1
1 1
1 1
1 1
1 1
1 1
1 1
1 1
1 1
1 1
1 1
1 1
1 1
1 1
1 1
1 1
1 1
1 1
1 1
1 1
1 1
1 1
1 1
1 1
1 1
1 1
1 1
1 1
1 1
1 1
1 1
1 1
1 1
1 0
0 0
1 1
1 1
1 1
1 1
1 0
0 0
1 1
0 0
0 0
0 0
1 0
0 0
1 1
0 0
0 0
0 0
0 0
0 0
0 0
0 0
0 0
0 0
0 0
0 0
0 0
0 0
0 0
0 0
0 0
0 0
0 0
0 0
0 0
0 0
0 0
0 0
0 0
0 0
0 0
0 0
0 0
0 0
0 0
0 0
0 0
0 0
0 0
0 0
0 0
0 0
0 0
0 0
0 0
0 0
0 0
0 0
0 0
0 0
0 1
0 0
0 0
0 0
0 0
0 0
0 1
0 0
0 0
0 0
0 0
1 1
0 1
0 0
0 0
0 0
0 0
1 1
1 1
1 1
1 1
1 1
0 0
1 1
1 1
1 1
1 1
1 1
1 1
1 1
1 1
1 1
1 1
1 1
1 1
1 1
1 1
1 1
1 1
1 1
0 0
0 0
1 1
1 1
1 1
1 1
0 0
0 0
0 0
0 0
0 0
0 0
0 0
0 0
0 0
0 0
0 0
0 0
0 0
0 0
0 0
0 0
0 0
0 0
0 0
0 0
0 0
0 0
0 0
0 0
0 0
0 0
0 0
0 0
0 0
0 0
0 0
0 0
0 0
0 0
0 0
0 0
0 0
0 0
0 0
0 0
0 0
0 0
0 0
0 0
0 0
0 0
0 0
0 0
0 0
0 0
0 0
0 0
0 0
0 0
0 0
0 0
0 0
0 0
0 0
0 0
0 0
0 0
0 0
0 0
0 0
0 0
0 0
0 0
0 0
0 0
0 0
0 0
0 0
0 0
0 0
0 0
0 0
0 0
0 0
0 0
0 0
0 0
0 0
0 0
0 0
0 0
0 0
0 0
0 0
0 0
0 0
0 0
0 0
0 0
0 0
0 0
0 0
0 0
0 0
0 0
0 0
0 0
0 0
0 0
0 0
0 0
0 0
0 0
0 0
0 0
0 0
0 0
0 0
0 0
0 0
0 0
0 0
0 0
0 0
0 0
0 0
0 0
0 0
0 0
0 0
0 0
0 0
0 0
0 0
0 0
0 0
0 0
0 0
0 0
0 0
0 0
0 0
0 0
0 0
0 0
0 0
0 0
0 0
0 0
0 0
0 0
0 0
0 0
0 0
0 0
0 0
0 0
0 0
0 0
0 0
0 0
0 0
0 0
0 0
0 0
0 0
0 0
0 0
0 0
0 0
0 0
0 0
0 0
0 0
0 0
0 0
0 0
0 0
0 0
0 0
0 0
0 0
0 0
0 0
0 0
0 0
0 0
0 0
0 0
0 0
0 0
0 0
0 0
0 0
0 0
0 0
0 0
0 0
0 1
0 0
0 0
0 0
0 0
0 0
0 1
0 0
0 0
0 0
0 0
0 0
0 0
0 0
0 0
0 0
0 0
0 0
0 0
0 0
0 0
0 0
0 0
0 0
0 0
0 0
0 0
0 0
0 0
0 0
0 0
0 0
0 0
0 0
0 0
0 0
0 0
0 0
0 0
0 0
0 0
0 0
0 0
0 0
0 0
0 0
0 0
0 0
0 0
0 0
0 0
0 0
0 0
0 0
0 0
0 0
0 0
0 0
0 0
0 0
0 0
0 0
0 0
0 0
0 0
0 0
0 0
0 0
0 0
0 0
0 0
0 0
0 0
0 0
0 0
0 0
0 0
0 0
0 0
0 0
0 0
0 0
0 0
0 0
0 0
0 0
0 0
0 0
0 0
0 0
0 0
0 0
0 0
0 0
0 0
0 0
0 0
0 0
0 0
0 0
0 0
0 0
0 0
0 0
0 0
0 0
0 0
0 0
0 0
0 0
0 0
0 0
0 0
0 0
0 0
0 0
0 0
0 0
0 0
0 0
0 0
0 0
0 0
0 0
0 0
0 0
0 0
0 0
0 0
0 0
0 0
0 0
0 0
0 0
0 0
0 0
0 0
0 0
0 0
0 0
0 0
0 0
0 0
0 0
0 0
0 0
0 0
0 0
0 0
0 0
0 0
0 0
0 0
0 0
0 0
0 0
0 0
0 0
0 0
0 0
0 0
0 0
0 0
0 0
0 0
0 0
0 0
0 0
0 0
0 0
0 0
0 0
0 0
0 0
0 0
0 0
0 0
0 0
0 0
0 0
0 0
0 0
0 0
0 0
0 0
0 0
0 0
0 0
0 0
0 0
0 0
0 1
1 1
0 0
0 0
0 0
0 0
0 1
1 1
1 1
1 1
1 1
1 1
0 1
1 1
1 1
1 1
1 1
1 1
1 1
1 1
1 1
1 1
1 1
1 1
1 1
1 1
1 1
1 1
1 1
1 1
1 1
1 1
1 1
1 1
1 1
1 1
1 1
1 1
1 1
1 1
1 1
1 1
1 1
1 1
1 1
1 1
1 1
1 1
1 1
1 1
1 1
1 1
1 1
1 1
1 1
1 1
1 1
1 1
1 1
1 1
1 1
1 1
1 1
1 1
1 1
1 1
1 1
1 1
1 1
1 1
1 1
1 1
1 1
1 1
1 1
1 1
1 1
1 1
1 1
1 1
1 1
1 1
1 1
1 1
1 1
1 1
1 1
1 1
1 1
1 1
1 1
1 1
1 1
1 1
1 1
1 1
1 1
1 1
1 1
1 1
1 1
1 1
1 1
1 1
1 1
1 1
1 1
1 1
1 1
1 1
1 1
1 1
1 1
1 1
1 1
1 1
1 1
1 1
1 1
1 1
1 1
1 1
1 1
1 1
1 1
1 1
1 1
1 1
1 1
1 1
1 1
1 1
1 1
1 1
1 1
1 1
1 1
1 1
1 1
1 1
1 1
1 1
1 1
1 1
1 1
1 1
1 1
1 1
1 1
1 1
1 1
1 1
1 1
1 1
1 1
1 1
1 1
1 1
1 1
1 1
1 1
1 1
1 1
1 1
1 1
1 1
1 1
1 1
1 1
1 1
1 1
1 1
1 1
1 1
1 1
1 1
1 1
1 1
1 1
1 1
1 1
1 1
1 1
1 1
1 1
1 1
1 1
1 1
1 1
1 1
1 1
1 1
1 1
1 1
1 1
1 1
1 1
1 1
1 1
1 1
1 1
1 1
1 1
1 1
1 1
1 1
1 1
1 1
1 1
1 1
1 1
1 1
1 1
1 1
1 1
1 1
1 1
1 1
1 1
1 1
1 1
1 1
1 1
1 1
1 1
1 1
1 1
1 1
1 1
1 1
1 1
0 0
1 1
1 1
1 1
1 1
1 1
0 0
0 0
0 0
0 0
0 0
1 1
0 0
0 0
0 0
0 0
0 0
0 0
0 0
0 0
0 0
0 0
0 0
0 0
0 0
0 0
0 0
0 0
0 0
0 0
0 0
0 0
0 0
0 0
0 0
0 0
0 0
0 0
0 0
0 0
0 0
0 0
0 0
0 0
0 0
0 0
0 0
0 0
0 0
0 0
0 0
0 0
0 0
0 0
0 0
0 0
0 0
0 0
0 0
0 0
0 0
0 0
0 0
0 0
0 0
0 0
0 0
0 0
0 0
0 0
1 1
0 0
0 0
0 0
0 0
0 0
1 1
1 1
1 1
1 1
1 1
0 0
1 1
1 1
1 1
1 1
1 1
1 1
1 1
1 1
1 1
1 1
1 1
1 1
1 1
1 1
1 1
1 1
1 1
0 0
0 0
1 1
1 1
1 1
1 1
0 0
0 0
0 0
0 0
0 0
0 0
0 0
0 0
0 0
0 0
0 0
0 0
0 0
0 0
0 0
0 0
0 0
0 0
0 0
0 0
0 0
0 0
0 0
0 0
0 0
0 0
0 0
0 0
0 0
0 0
0 0
0 0
0 0
0 0
0 0
0 0
0 0
0 0
0 0
0 0
0 0
0 0
0 0
0 0
0 0
0 0
0 0
0 0
0 0
0 0
0 0
0 0
0 0
0 0
0 0
0 0
0 0
0 0
0 0
0 0
0 0
0 0
0 0
0 0
0 0
0 0
0 0
0 0
0 0
0 0
0 0
0 0
0 0
0 0
0 0
0 0
0 0
0 0
0 0
0 0
0 0
0 0
0 0
0 1
0 0
0 0
0 0
0 0
0 0
0 1
0 0
0 0
0 0
0 0
0 0
0 0
0 0
0 0
0 0
0 0
0 0
0 0
0 0
0 0
0 0
0 0
0 0
0 0
0 0
0 0
0 0
0 0
0 0
0 0
0 0
0 0
0 0
0 0
0 0
0 0
0 0
0 0
0 0
0 0
0 0
0 0
0 0
0 0
0 0
0 0
0 0
0 0
0 0
0 0
0 0
0 0
0 0
0 0
0 0
0 0
0 0
0 0
0 0
0 0
0 0
0 0
0 0
0 0
0 0
0 0
0 0
0 0
0 0
0 0
0 0
0 0
0 0
0 0
0 0
0 0
0 0
0 0
0 0
0 0
0 0
0 0
0 0
0 0
0 0
0 0
0 0
0 0
0 0
0 0
0 0
0 0
0 0
0 0
0 0
0 0
0 0
0 0
0 0
0 0
0 0
0 0
0 0
0 0
0 0
0 0
0 0
0 0
0 0
0 0
0 0
0 0
0 0
0 0
0 0
0 0
0 0
0 0
0 0
0 0
0 0
0 0
0 0
0 0
0 0
0 0
0 0
0 0
0 0
0 0
0 0
0 0
0 0
0 0
0 0
0 0
0 0
0 0
0 0
0 0
0 0
0 0
0 0
0 0
0 0
0 0
0 0
0 0
0 0
0 0
0 0
0 0
0 0
0 0
0 0
0 0
0 0
0 0
0 0
0 0
0 0
0 0
0 0
0 0
0 0
0 0
0 0
0 0
0 0
0 0
0 0
0 0
0 0
0 0
0 0
0 0
0 0
0 0
0 0
0 0
0 0
0 0
0 0
0 0
0 0
0 0
0 0
0 0
0 0
0 0
0 0
0 0
0 0
0 0
0 0
0 0
0 0
0 0
0 0
0 0
0 0
0 0
0 0
0 0
0 0
0 0
0 0
0 0
0 0
0 0
0 0
0 1
0 0
0 0
0 0
0 0
0 0
0 1
0 0
0 0
0 0
0 1
0 0
0 1
0 0
0 0
0 0
0 1
0 0
0 1
0 0
0 0
0 0
0 1
0 0
0 1
0 0
0 0
0 0
0 0
0 0
0 0
0 0
0 0
0 0
0 0
0 0
0 0
0 0
0 0
0 0
0 0
0 0
0 0
0 0
0 0
0 0
0 0
0 0
0 0
0 0
0 0
0 0
0 0
0 0
0 0
0 0
0 0
0 0
0 0
0 0
0 0
0 0
0 0
0 0
0 0
0 0
0 0
0 0
0 0
0 0
0 0
0 0
0 0
0 0
0 0
0 0
0 0
0 0
0 0
0 0
0 1
0 0
0 0
0 0
0 0
0 0
0 1
0 0
0 1
0 1
1 1
0 0
0 1
0 0
0 1
0 1
1 1
1 1
1 1
1 1
1 1
0 1
1 1
1 1
1 1
1 1
1 1
1 1
1 1
1 1
1 1
1 1
1 1
1 1
1 1
1 1
1 1
1 1
1 1
1 1
1 1
1 1
1 1
1 1
1 1
1 1
1 1
1 1
1 1
1 1
1 1
1 1
1 1
1 1
1 1
1 1
1 1
1 1
1 1
1 1
1 1
1 1
1 1
1 1
1 1
1 1
1 1
1 1
1 1
1 1
1 1
1 1
1 1
1 1
1 1
1 1
1 1
1 1
1 1
1 1
1 1
1 1
1 1
1 1
1 1
1 1
1 1
1 1
1 1
1 1
1 1
1 1
1 1
1 1
1 1
1 1
1 1
1 1
1 1
1 1
1 1
1 1
1 1
1 1
1 1
1 1
1 1
1 1
1 1
1 1
1 1
1 1
1 1
1 1
1 1
1 1
1 1
1 1
1 1
1 1
1 1
1 1
1 1
1 1
1 1
1 1
1 1
1 1
1 1
1 1
1 1
1 1
1 1
1 1
1 1
1 1
1 1
1 1
1 1
1 1
1 1
1 1
1 1
1 1
1 1
1 1
1 1
1 1
1 1
1 1
1 1
1 1
1 1
1 1
1 1
1 1
1 1
1 1
1 1
1 1
1 1
1 1
1 1
1 1
1 1
1 1
1 1
1 1
1 1
1 1
1 1
1 1
1 1
1 1
1 1
1 1
1 1
1 1
1 1
1 1
1 1
1 1
1 1
1 1
1 1
1 1
1 1
1 1
1 1
1 1
1 1
1 1
1 1
1 1
1 1
1 1
1 1
1 1
1 1
1 1
1 1
1 1
1 1
1 1
1 1
1 1
1 1
1 1
1 1
1 1
1 1
1 1
1 1
1 1
1 1
1 1
1 1
1 1
1 1
1 1
1 1
1 1
1 1
1 1
1 1
1 1
1 1
1 1
1 1
1 1
1 1
1 1
1 1
1 1
1 1
1 1
1 1
1 1
1 1
1 1
0 1
1 1
1 1
1 1
1 1
1 1
0 1
1 0
0 1
0 0
0 0
1 1
0 1
1 0
0 1
0 0
0 0
0 0
0 0
0 0
0 0
0 0
0 0
0 0
0 0
0 0
0 0
0 0
0 0
0 0
0 0
0 0
0 0
0 0
0 0
0 0
0 0
0 0
0 0
0 0
0 0
0 0
0 0
0 0
0 0
0 0
0 0
0 0
0 0
0 0
0 0
0 0
0 0
0 0
0 0
0 0
0 0
0 0
0 0
0 0
0 0
0 0
0 0
0 0
0 0
0 0
0 0
0 0
0 0
0 0
1 1
0 0
0 0
0 0
0 0
0 0
1 1
1 1
1 1
1 1
1 1
0 0
1 1
1 1
1 1
1 1
1 1
1 1
1 1
1 1
1 1
1 1
1 1
1 1
1 1
1 1
1 1
1 1
1 1
0 0
0 0
1 1
1 1
1 1
1 1
0 0
0 0
0 0
0 0
0 0
0 0
0 0
0 0
0 0
0 0
0 0
0 0
0 0
0 0
0 0
0 0
0 0
0 0
0 0
0 0
0 0
0 0
0 0
0 0
0 0
0 0
0 0
0 0
0 0
0 0
0 0
0 0
0 0
0 0
0 0
0 0
0 0
0 0
0 0
0 0
0 0
0 0
0 0
0 0
0 0
0 0
0 0
0 0
0 0
0 0
0 0
0 0
0 0
0 0
0 0
0 0
0 0
0 0
0 0
0 0
0 0
0 0
0 0
0 0
0 0
0 0
0 0
0 0
0 0
0 0
0 0
0 0
0 0
0 0
0 0
0 0
0 0
0 0
0 0
0 0
0 0
0 0
0 0
0 0
0 0
0 0
0 0
0 0
0 0
0 0
0 0
0 0
0 0
0 0
0 0
0 0
0 0
0 0
0 0
0 0
0 0
0 0
0 0
0 0
0 0
0 0
0 0
0 0
0 0
0 0
0 0
0 0
0 0
0 0
0 0
0 0
0 0
0 0
0 0
0 0
0 0
0 0
0 0
0 0
0 0
0 0
0 0
0 0
0 0
0 0
0 0
0 0
0 0
0 0
0 0
0 0
0 0
0 0
0 0
0 0
0 0
0 0
0 0
0 0
0 0
0 0
0 0
0 0
0 0
0 0
0 0
0 0
0 0
0 0
0 0
0 0
0 0
0 0
0 0
0 0
0 0
0 0
0 0
0 0
0 0
0 0
0 0
0 0
0 0
0 0
0 0
0 0
0 0
0 0
0 0
0 0
0 0
0 0
0 0
0 0
0 0
0 0
0 0
0 0
0 0
0 0
0 0
0 0
0 0
0 0
0 0
0 0
0 0
0 0
0 0
0 0
0 0
0 0
0 0
0 0
0 0
0 0
0 0
0 0
0 0
0 0
0 0
0 0
0 0
0 0
0 0
0 0
0 0
0 0
0 0
0 0
0 0
0 0
0 0
0 0
0 0
0 0
0 0
0 0
0 0
0 0
0 0
0 0
0 0
0 0
0 0
0 0
0 0
0 0
0 0
0 0
0 0
0 0
0 0
0 0
0 0
0 0
0 0
0 0
0 0
0 0
0 0
0 0
0 0
0 0
0 0
0 0
0 0
0 0
0 0
0 0
0 0
0 0
0 0
0 0
0 0
0 0
0 0
0 0
0 0
0 0
0 0
0 0
0 0
0 0
0 0
0 0
0 0
0 0
0 0
0 0
0 0
0 0
0 0
0 0
0 0
0 0
0 0
0 0
0 0
0 1
0 0
0 0
0 0
0 0
0 0
0 1
0 0
0 0
0 0
0 0
0 0
0 1
0 0
0 0
0 0
0 0
0 0
0 0
0 0
0 0
0 0
0 0
0 0
0 0
0 0
0 0
0 0
0 0
0 0
0 0
0 0
0 0
0 0
0 0
0 0
0 0
0 0
0 0
0 0
0 0
0 0
0 0
0 0
0 0
0 0
0 0
0 0
0 0
0 0
0 0
0 0
0 0
0 0
0 0
0 0
0 0
0 0
0 0
0 0
0 0
0 0
0 0
0 0
0 0
0 0
0 0
0 0
0 0
0 0
0 0
0 0
0 0
0 0
0 0
0 0
0 0
0 0
0 0
0 0
0 0
0 0
0 0
0 0
0 0
0 0
0 0
0 0
0 0
0 0
0 0
0 0
0 0
0 0
0 0
0 0
0 0
1 0
1 1
0 0
1 1
0 0
0 0
1 0
1 1
0 0
1 1
1 1
1 1
1 1
1 1
0 0
1 1
1 1
1 1
1 1
1 1
1 1
1 1
1 1
1 1
1 1
1 1
1 1
1 1
1 1
1 1
1 1
1 1
1 1
1 1
1 1
1 1
1 1
1 1
1 1
1 1
1 1
1 1
1 1
1 1
1 1
1 1
1 1
1 1
1 1
1 1
1 1
1 1
1 1
1 1
1 1
1 1
1 1
1 1
1 1
1 1
1 1
1 1
1 1
1 1
1 1
1 1
1 1
1 1
1 1
1 1
1 1
1 1
1 1
1 1
1 1
1 1
1 1
1 1
1 1
1 1
1 1
1 1
1 1
1 1
1 1
1 1
1 1
1 1
1 1
1 1
1 1
1 1
1 1
1 1
1 1
1 1
1 1
1 1
1 1
1 1
1 1
1 1
1 1
1 1
1 1
1 1
1 1
1 1
1 1
1 1
1 1
1 1
1 1
1 1
1 1
1 1
1 1
1 1
1 1
1 1
1 1
1 1
1 1
1 1
1 1
1 1
1 1
1 1
1 1
1 1
1 1
1 1
1 1
1 1
1 1
1 1
1 1
1 1
1 1
1 1
1 1
1 1
1 1
1 1
1 1
1 1
1 1
1 1
1 1
1 1
1 1
1 1
1 1
1 1
1 1
1 1
1 1
1 1
1 1
1 1
1 1
1 1
1 1
1 1
1 1
1 1
1 1
1 1
1 1
1 1
1 1
1 1
1 1
1 1
1 1
1 1
1 1
1 1
1 1
1 1
1 1
1 1
1 1
1 1
1 1
1 1
1 1
1 1
1 1
1 1
1 1
1 1
1 1
1 1
1 1
1 1
1 1
1 1
1 1
1 1
1 1
1 1
1 1
1 1
1 1
1 1
1 1
1 1
1 1
1 1
1 1
1 1
1 1
1 1
1 1
1 1
1 1
1 1
1 1
1 1
1 1
1 1
1 1
1 1
1 1
1 1
1 1
1 1
1 1
1 1
1 1
1 1
1 1
1 1
1 1
1 1
1 1
1 1
1 1
1 1
1 1
1 0
1 1
0 0
1 1
1 1
1 1
1 0
1 1
0 0
0 0
0 0
0 0
0 0
1 1
0 0
0 0
0 0
0 0
0 0
0 0
0 0
0 0
0 0
0 0
0 0
0 0
0 0
0 0
0 0
0 0
0 0
0 0
0 0
0 0
0 0
0 0
0 0
0 0
0 0
0 0
0 0
0 0
0 0
0 0
0 0
0 0
0 0
0 0
0 0
0 0
0 0
0 0
0 0
0 0
0 0
0 0
0 0
0 0
0 0
0 0
0 0
0 0
1 1
0 0
0 0
0 0
0 0
0 0
1 1
1 1
1 1
1 1
1 1
0 0
1 1
1 1
1 1
1 1
1 1
1 1
1 1
1 1
1 1
1 1
1 1
1 1
1 1
1 1
1 1
1 1
1 1
0 0
0 0
1 1
1 1
1 1
1 1
0 0
0 0
0 0
0 0
0 0
0 0
0 0
0 0
0 0
0 0
0 0
0 0
0 0
0 0
0 0
0 0
0 0
0 0
0 0
0 0
0 0
0 0
0 0
0 0
0 0
0 0
0 0
0 0
0 0
0 0
0 0
0 0
0 0
0 0
0 0
0 0
0 0
0 0
0 0
0 0
0 0
0 0
0 0
0 0
0 0
0 0
0 0
0 0
0 0
0 0
0 0
0 0
0 0
0 0
0 0
0 0
0 0
0 0
0 0
0 0
0 0
0 0
0 0
0 0
0 0
0 1
0 0
0 0
0 0
0 0
0 0
0 1
0 0
0 0
0 0
0 1
0 0
0 1
0 0
0 0
0 0
0 1
0 0
0 0
0 0
0 0
0 0
0 1
0 0
0 0
0 0
0 0
0 0
0 0
0 0
0 0
0 0
0 0
0 0
0 0
0 0
0 0
0 0
0 0
0 0
0 0
0 0
0 0
0 0
0 0
0 0
0 0
0 0
0 0
0 0
0 0
0 0
0 0
0 0
0 0
0 0
0 0
0 0
0 0
0 0
0 0
0 0
0 0
0 0
0 0
0 0
0 0
0 0
0 0
0 0
0 0
0 0
0 0
0 0
0 0
0 0
0 0
0 0
0 0
0 0
0 0
0 0
0 0
0 0
0 0
0 0
0 0
0 0
0 0
0 0
0 0
0 0
0 0
0 0
0 0
0 0
0 0
0 0
0 0
0 0
0 0
0 0
0 0
0 0
0 0
0 0
0 0
0 0
0 0
0 0
1 0
0 0
0 0
0 0
0 0
0 0
1 0
0 0
0 0
0 0
1 1
0 0
1 0
0 0
0 0
0 0
1 1
0 0
0 0
0 0
0 0
0 0
1 1
0 0
0 0
0 0
0 0
0 0
0 0
0 0
0 0
0 0
0 0
0 0
0 0
0 0
0 0
0 0
0 0
0 0
0 0
0 0
0 0
0 0
0 0
0 0
0 0
0 0
0 0
0 0
0 0
0 0
0 0
0 0
0 0
0 0
0 0
0 0
0 0
0 0
0 0
0 0
0 0
0 0
0 0
0 0
0 0
0 0
0 0
0 0
0 0
0 0
0 0
0 0
0 0
0 0
0 0
0 0
0 0
0 0
0 0
0 0
0 0
0 0
0 0
0 0
0 0
0 0
0 0
0 0
0 0
0 0
0 0
0 0
0 0
0 0
0 0
0 0
0 0
0 0
0 0
0 0
0 0
0 0
0 0
0 0
0 0
0 0
0 0
0 0
0 0
0 0
0 0
0 0
0 0
0 0
0 0
0 0
0 0
0 0
0 1
0 0
0 0
0 0
0 0
0 0
0 1
1 0
0 0
0 1
1 1
0 0
0 1
1 0
0 0
0 1
1 1
1 1
0 0
0 0
0 0
0 1
1 1
1 1
0 0
0 0
0 0
0 0
0 0
0 0
0 0
0 0
0 0
0 0
0 0
0 0
0 0
0 0
0 0
0 0
0 0
0 0
0 0
0 0
0 0
0 0
0 0
0 0
0 0
0 0
0 0
0 0
0 0
0 0
0 0
0 0
0 0
0 0
0 0
0 0
0 0
0 0
0 0
0 0
0 0
0 0
0 0
0 0
0 0
0 0
0 0
0 0
0 0
0 0
0 0
0 0
0 0
0 0
0 0
0 0
0 1
0 0
0 0
0 0
0 0
0 0
0 1
1 0
0 0
0 1
1 1
0 0
0 1
1 0
0 0
0 1
1 1
1 1
1 1
1 1
1 1
0 1
1 1
1 1
1 1
1 1
1 1
1 1
1 1
1 1
1 1
1 1
1 1
1 1
1 1
1 1
1 1
1 1
1 1
1 1
1 1
1 1
1 1
1 1
1 1
1 1
1 1
1 1
1 1
1 1
1 1
1 1
1 1
1 1
1 1
1 1
1 1
1 1
1 1
1 1
1 1
1 1
1 1
1 1
1 1
1 1
1 1
1 1
1 1
1 1
1 1
1 1
1 1
1 1
1 1
1 1
1 1
1 1
1 1
1 1
1 1
1 1
1 1
1 1
1 1
1 1
1 1
1 1
1 1
1 1
1 1
1 1
1 1
1 1
1 1
1 1
1 1
1 1
1 1
1 1
1 1
1 1
1 1
1 1
1 1
1 1
1 1
1 1
1 1
1 1
1 1
1 1
1 1
1 1
1 1
1 1
1 1
1 1
1 1
1 1
1 1
1 1
1 1
1 1
1 1
1 1
1 1
1 1
1 1
1 1
1 1
1 1
1 1
1 1
1 1
1 1
1 1
1 1
1 1
1 1
1 1
1 1
1 1
1 1
1 1
1 1
1 1
1 1
1 1
1 1
1 1
1 1
1 1
1 1
1 1
1 1
1 1
1 1
1 1
1 1
1 1
1 1
1 1
1 1
1 1
1 1
1 1
1 1
1 1
1 1
1 1
1 1
1 1
1 1
1 1
1 1
1 1
1 1
1 1
1 1
1 1
1 1
1 1
1 1
1 1
1 1
1 1
1 1
1 1
1 1
1 1
1 1
1 1
1 1
1 1
1 1
1 1
1 1
1 1
1 1
1 1
1 1
1 1
1 1
1 1
1 1
1 1
1 1
1 1
1 1
1 1
1 1
1 1
1 1
1 1
1 1
1 1
1 1
1 1
1 1
1 1
1 1
1 1
1 1
1 1
1 1
1 1
1 1
1 1
1 1
1 1
1 1
1 1
1 1
1 1
1 1
1 1
1 1
1 1
1 1
1 1
1 1
1 1
1 1
1 1
1 1
1 1
1 1
1 1
1 1
1 0
1 1
1 1
1 1
1 1
1 1
1 0
0 1
0 1
1 0
0 1
1 1
1 0
0 1
0 1
1 0
0 1
0 0
0 0
0 0
0 0
1 0
0 1
0 0
0 0
0 0
0 0
0 0
0 0
0 0
0 1
0 0
0 0
0 0
0 0
0 0
0 1
0 1
0 0
0 0
0 0
0 0
0 1
0 1
0 0
0 0
0 0
0 0
0 0
0 0
1 0
0 0
0 0
0 0
0 0
0 0
1 0
0 0
0 1
0 0
1 1
0 0
1 0
0 0
0 1
0 0
1 1
1 1
1 1
1 1
1 1
0 0
1 1
1 1
1 1
1 1
1 1
1 1
1 1
1 1
1 1
1 1
1 1
1 1
1 1
1 1
1 1
1 1
1 1
0 0
1 1
1 1
1 1
1 1
1 1
0 0
1 1
0 0
0 0
0 0
0 0
0 0
1 1
0 0
0 0
0 0
0 0
0 0
0 1
0 0
0 0
0 0
0 0
0 0
0 1
0 0
0 0
0 0
0 0
0 0
0 0
0 0
0 0
0 0
0 0
0 0
0 0
0 0
0 0
0 0
0 0
0 0
0 0
0 0
0 0
0 0
0 0
0 1
0 0
0 0
0 1
0 0
0 0
0 1
0 0
0 0
0 1
0 0
0 0
0 0
0 0
0 0
0 1
0 0
0 0
0 0
0 0
0 0
0 0
0 0
1 1
0 0
0 0
0 0
0 0
0 0
1 1
1 1
0 1
0 1
1 1
0 0
1 1
1 1
0 1
0 1
1 1
1 1
0 0
1 0
1 1
0 1
1 1
1 1
0 0
1 0
1 1
0 1
0 1
0 0
0 0
1 0
1 1
0 1
0 1
0 0
0 0
0 0
0 0
0 0
0 0
0 0
0 0
0 0
0 0
0 0
0 0
0 0
0 0
0 0
0 0
0 0
0 0
0 0
0 0
0 0
0 0
0 0
0 0
0 0
0 0
0 0
0 0
0 0
0 0
0 0
0 0
0 0
0 0
0 0
0 0
0 0
0 0
0 0
0 0
0 0
0 0
0 0
0 0
0 0
0 0
0 0
0 0
0 0
0 0
0 0
0 0
0 0
0 0
0 0
0 1
0 0
0 0
0 0
0 0
0 0
0 1
0 1
0 0
0 0
1 1
0 0
0 1
0 1
0 0
0 0
1 1
0 1
0 0
0 0
1 1
0 0
1 1
0 1
0 0
0 0
1 1
1 0
1 0
0 0
1 1
0 0
1 1
1 0
1 0
0 0
1 1
1 1
0 1
0 0
0 0
0 0
1 1
1 1
0 1
0 0
0 0
0 0
0 0
0 0
0 0
0 0
0 0
0 0
0 0
0 0
0 0
0 0
0 0
0 0
0 0
0 0
0 0
0 0
0 0
0 0
0 0
0 0
0 0
0 0
0 0
0 0
0 0
0 0
0 0
0 0
0 0
0 0
0 0
0 0
0 0
0 0
0 0
0 0
0 0
0 0
0 0
0 0
0 0
0 0
0 0
0 0
0 0
0 0
0 0
0 0
0 0
0 0
0 0
0 0
0 0
0 0
0 0
0 0
0 0
0 0
0 0
0 0
0 0
0 0
0 0
0 0
0 0
0 0
0 0
0 0
0 0
0 0
0 0
0 0
0 0
0 0
0 0
0 0
0 0
0 0
0 0
1 1
0 0
0 0
0 1
0 0
0 0
1 1
0 0
0 0
0 1
0 1
0 1
0 0
1 1
0 0
0 1
0 1
0 1
0 0
1 1
1 1
1 1
0 1
1 1
0 0
1 1
1 1
1 1
0 1
1 1
1 1
1 1
0 0
0 0
0 1
1 1
1 1
1 1
0 0
0 0
0 0
0 0
0 0
0 0
0 0
0 0
0 0
0 0
0 0
0 0
0 0
0 0
0 0
0 0
0 0
0 0
0 0
0 0
0 0
0 0
0 0
0 0
0 0
0 0
0 0
0 0
0 0
0 0
0 0
0 0
0 0
0 0
0 0
0 0
0 0
0 0
0 0
0 0
0 0
0 0
0 0
0 0
0 0
1 0
0 0
0 0
0 0
0 0
0 0
1 0
0 0
0 0
0 0
1 1
0 0
1 0
0 0
0 0
0 0
1 1
1 1
1 1
1 1
1 1
0 0
1 1
1 1
1 1
1 1
1 1
1 1
1 1
1 1
1 1
1 1
1 1
1 1
1 1
1 1
1 1
1 1
1 1
1 1
1 1
1 1
1 1
1 1
1 1
1 1
1 1
1 1
1 1
1 1
1 1
1 1
1 1
1 1
1 1
1 1
1 1
1 1
1 1
1 1
1 1
1 1
1 1
1 1
1 1
1 1
1 1
1 1
1 1
1 1
1 1
1 1
1 1
1 1
1 1
1 1
1 1
1 1
1 1
1 1
1 1
1 1
1 1
1 1
1 1
1 1
1 1
1 1
1 1
1 1
1 1
1 1
1 1
1 1
1 1
1 1
1 1
1 1
1 1
1 1
1 1
1 1
1 1
1 1
1 1
1 1
1 1
1 1
1 1
1 1
1 1
1 1
1 1
1 1
1 1
1 1
1 1
1 1
1 1
1 1
1 1
1 1
1 1
1 1
1 1
1 1
1 1
1 1
1 1
1 1
1 1
1 1
1 1
1 1
1 1
1 1
1 1
1 1
1 1
1 1
1 1
1 1
1 1
1 1
1 1
1 1
1 1
1 1
1 1
1 1
1 1
1 1
1 1
1 1
1 1
1 1
1 1
1 1
1 1
1 1
1 1
1 1
1 1
1 1
1 1
1 1
1 1
1 1
1 1
1 1
1 1
1 1
1 1
1 1
1 1
1 1
1 1
1 1
1 1
1 1
1 1
1 1
1 1
1 1
1 1
1 1
1 1
1 1
1 1
1 1
1 1
1 1
1 1
1 1
1 1
1 1
1 1
1 1
1 1
1 1
1 1
1 1
1 1
1 1
1 1
1 1
1 1
1 1
1 1
1 1
1 1
1 1
1 1
1 1
1 1
1 1
1 1
1 1
1 1
1 1
1 1
1 1
1 1
1 1
1 1
1 1
1 1
1 1
1 1
1 1
1 1
1 1
1 1
1 1
1 1
1 1
1 1
1 1
1 1
1 1
1 1
1 1
1 1
1 1
1 1
1 1
1 1
1 1
1 1
1 1
1 1
1 1
1 1
1 1
1 1
1 1
1 1
1 1
1 1
1 1
1 1
1 1
1 1
1 1
1 1
1 1
1 1
1 1
1 1
0 1
0 0
1 1
1 1
1 1
1 1
0 1
0 0
0 1
0 0
0 0
0 1
0 1
0 0
0 1
0 0
0 0
0 1
1 0
0 0
0 0
1 1
0 0
0 1
1 0
0 0
0 0
1 1
1 1
1 0
0 1
1 1
0 0
1 1
1 1
1 0
0 1
1 1
0 1
0 1
0 0
1 1
0 1
1 1
0 1
0 1
0 0
1 1
1 1
0 0
0 1
1 1
0 0
1 1
1 1
0 0
0 1
1 1
1 1
1 1
1 1
1 1
0 1
1 1
1 1
1 1
1 1
1 1
1 1
1 1
1 1
1 1
1 1
1 1
1 1
1 1
1 1
1 1
1 1
1 1
0 1
1 1
1 1
1 1
1 1
1 1
0 1
1 1
1 1
0 1
0 1
0 0
0 1
1 1
1 1
0 1
0 1
0 0
0 0
0 0
0 0
0 0
0 1
0 0
0 0
0 0
0 0
0 0
0 0
0 0
0 0
0 0
0 0
0 0
0 0
0 0
0 0
0 0
0 0
0 1
0 0
1 1
0 0
0 0
0 0
0 1
0 0
1 1
0 1
0 0
0 0
0 1
0 0
1 1
0 1
0 0
0 0
0 1
0 1
0 1
0 0
1 1
0 0
0 1
0 1
0 1
0 0
1 1
0 1
0 0
0 0
1 1
0 0
1 1
0 1
0 0
0 0
1 1
0 1
1 1
1 1
1 1
0 0
1 1
0 1
1 1
1 1
1 1
1 1
1 1
1 1
0 1
1 1
1 1
1 1
1 1
1 1
0 1
1 0
1 1
0 0
0 0
1 1
0 1
1 0
1 1
0 0
0 0
0 0
0 0
0 0
0 0
0 0
0 0
0 0
0 0
0 0
0 0
0 0
0 0
0 0
0 0
0 0
0 0
0 0
0 0
0 0
0 0
0 0
0 0
0 0
0 0
0 0
0 0
0 0
0 0
0 0
0 0
0 0
0 0
0 0
0 0
0 0
0 0
0 0
0 0
0 0
0 0
0 0
0 0
0 0
0 1
0 0
0 0
0 0
0 0
0 0
0 1
0 0
0 0
0 0
1 1
0 0
0 1
0 0
0 0
0 0
1 1
0 1
0 0
1 0
1 1
0 0
1 1
0 1
0 0
1 0
1 1
0 1
0 1
0 0
1 1
1 0
1 1
0 1
0 1
0 0
1 1
1 1
0 1
1 1
1 1
0 0
1 1
1 1
0 1
1 1
1 1
1 1
1 1
0 0
0 0
1 1
1 1
1 1
1 1
0 0
0 0
0 0
0 0
0 0
0 0
0 0
0 0
0 0
0 0
0 0
0 0
0 0
0 0
0 0
0 0
0 0
0 0
0 0
0 0
0 0
0 0
0 0
0 0
0 0
0 0
0 0
0 0
0 0
0 0
0 0
0 0
0 0
0 0
0 0
0 0
0 0
0 0
0 0
0 0
0 0
0 0
0 0
0 0
0 0
1 0
0 0
0 0
0 0
0 0
0 0
1 0
0 0
0 0
0 0
0 1
0 0
1 0
0 0
0 0
0 0
0 1
0 1
0 0
0 0
0 0
0 0
0 1
0 1
0 0
0 0
0 0
0 1
0 0
0 0
1 1
0 0
0 0
0 1
0 0
0 0
1 1
1 1
0 1
0 0
1 1
0 0
1 1
1 1
0 1
0 0
1 1
0 1
1 1
1 1
1 1
0 0
1 1
0 1
1 1
1 1
1 1
1 1
1 1
1 1
1 1
1 1
1 1
1 1
1 1
1 1
1 1
1 1
1 1
0 0
0 0
1 1
1 1
1 1
1 1
0 0
0 0
0 0
0 0
0 0
0 0
0 0
0 0
0 0
0 0
0 0
0 0
0 0
0 0
0 0
0 0
0 0
0 0
0 0
0 0
0 0
0 0
0 0
0 0
0 0
0 0
0 0
0 0
0 0
0 0
0 0
0 0
0 0
0 0
0 0
0 0
0 0
0 0
0 0
0 0
0 0
0 0
0 0
0 0
0 0
1 1
0 0
0 0
0 0
0 0
0 0
1 1
0 1
0 0
0 0
1 1
0 0
1 1
0 1
0 0
0 0
1 1
1 1
0 1
1 1
1 1
0 0
1 1
1 1
0 1
1 1
1 1
1 1
1 1
1 1
1 1
1 1
1 1
1 1
1 1
1 1
1 1
1 1
1 1
1 1
1 1
1 1
1 1
1 1
1 1
1 1
1 1
1 1
1 1
1 1
1 1
1 1
1 1
1 1
1 1
1 1
1 1
1 1
1 1
1 1
1 1
1 1
1 1
1 1
1 1
1 1
1 1
1 1
1 1
1 1
1 1
1 1
1 1
1 1
1 1
1 1
1 1
1 1
1 1
1 1
1 1
1 1
1 1
1 1
1 1
1 1
1 1
1 1
1 1
1 1
1 1
1 1
1 1
1 1
1 1
1 1
1 1
1 1
1 1
1 1
1 1
1 1
1 1
1 1
1 1
1 1
1 1
1 1
1 1
1 1
1 1
1 1
1 1
1 1
1 1
1 1
1 1
1 1
1 1
1 1
1 1
1 1
1 1
1 1
1 1
1 1
1 1
1 1
1 1
1 1
1 1
1 1
1 1
1 1
1 1
1 1
1 1
1 1
1 1
1 1
1 1
1 1
1 1
1 1
1 1
1 1
1 1
1 1
1 1
1 1
1 1
1 1
1 1
1 1
1 1
1 1
1 1
1 1
1 1
1 1
1 1
1 1
1 1
1 1
1 1
1 1
1 1
1 1
1 1
1 1
1 1
1 1
1 1
1 1
1 1
1 1
1 1
1 1
1 1
1 1
1 1
1 1
1 1
1 1
1 1
1 1
1 1
1 1
1 1
1 1
1 1
1 1
1 1
1 1
1 1
1 1
1 1
1 1
1 1
1 1
1 1
1 1
1 1
1 1
1 1
1 1
1 1
1 1
1 1
1 1
1 1
1 1
1 1
1 1
1 1
1 1
1 1
1 1
1 1
1 1
1 1
1 1
1 1
1 1
1 1
1 1
1 1
1 1
1 1
1 1
1 1
1 1
1 1
1 1
1 1
1 1
1 1
1 1
1 1
1 1
1 1
1 1
1 1
1 1
1 1
1 1
1 1
1 1
1 1
1 1
1 1
1 1
1 1
1 1
1 1
1 1
1 1
1 1
1 1
1 1
1 1
1 1
1 1
1 1
1 1
1 1
1 1
1 1
1 1
1 0
1 1
1 1
1 1
1 1
1 1
1 0
1 1
1 0
0 1
0 1
1 1
1 0
1 1
1 0
0 1
0 1
1 1
1 1
0 1
0 0
1 0
0 1
1 1
1 1
0 1
0 0
1 0
1 1
0 1
1 1
1 1
0 0
1 0
1 1
0 1
1 1
1 1
1 1
0 1
1 1
1 1
1 1
1 1
1 1
0 1
1 1
1 1
1 1
1 1
1 1
1 1
1 1
1 1
1 1
1 1
1 1
1 1
1 1
1 1
1 1
1 1
1 1
1 1
1 1
1 1
1 1
1 1
1 1
1 1
1 1
1 1
1 1
1 1
1 1
1 1
1 1
1 1
1 1
1 1
1 1
1 1
1 1
1 1
1 1
1 1
1 1
1 1
0 1
1 1
0 0
0 1
1 1
1 1
0 1
1 1
0 0
0 1
0 0
0 1
0 0
0 1
0 0
0 1
0 0
0 1
0 0
0 1
0 0
0 0
0 0
0 1
0 0
0 1
0 0
0 0
0 0
0 1
0 0
0 0
0 0
0 1
0 0
0 1
0 0
0 0
0 0
0 1
1 0
0 0
0 0
1 1
0 0
0 1
1 0
0 0
0 0
1 1
1 0
0 0
0 1
1 1
0 0
1 1
1 0
0 0
0 1
1 1
1 1
0 1
0 1
1 1
0 1
1 1
1 1
0 1
0 1
1 1
1 1
1 1
1 1
1 1
0 1
1 1
1 1
1 1
1 1
1 1
1 1
1 1
1 1
0 1
1 1
1 1
1 1
1 1
1 1
0 1
1 1
1 1
0 0
0 0
1 1
0 1
1 1
1 1
0 0
0 0
0 0
0 0
0 1
0 0
0 0
0 0
0 0
0 0
0 1
0 0
0 0
0 0
0 0
0 0
0 1
0 0
0 0
0 0
0 0
0 0
0 0
0 0
0 0
0 0
0 0
0 0
0 0
0 0
0 0
0 0
0 0
0 0
0 0
0 1
0 0
0 0
0 0
0 0
0 0
0 1
0 0
0 0
0 0
1 1
0 0
0 1
0 0
0 0
0 0
1 1
0 1
0 0
0 0
0 1
0 0
1 1
0 1
0 0
0 0
0 1
1 1
0 1
0 1
1 1
0 0
0 1
1 1
0 1
0 1
1 1
1 1
0 1
1 1
1 1
0 1
1 1
1 1
0 1
1 1
1 1
1 1
1 1
1 1
1 1
1 1
1 1
1 1
1 1
1 1
1 1
1 1
1 1
0 0
0 0
1 1
1 1
1 1
1 1
0 0
0 0
0 0
0 0
0 0
0 0
0 0
0 0
0 0
0 0
0 0
0 0
0 0
0 0
0 0
0 0
0 0
0 0
0 0
0 0
0 0
0 0
0 0
0 0
0 0
0 0
0 0
0 0
0 0
0 0
0 0
0 0
0 0
0 0
0 0
0 0
0 0
0 0
0 0
0 0
0 0
0 0
0 0
0 0
0 0
0 0
0 0
0 0
0 0
0 0
0 0
0 0
0 0
0 0
0 0
1 1
0 0
0 0
0 0
0 0
0 0
1 1
0 0
0 0
0 1
1 1
0 0
1 1
0 0
0 0
0 1
1 1
1 1
1 0
0 1
1 1
0 1
1 1
1 1
1 0
0 1
1 1
1 1
1 1
0 0
1 1
0 1
1 1
1 1
1 1
0 0
1 1
1 1
1 1
1 1
1 1
0 0
1 1
1 1
1 1
1 1
1 1
1 1
1 1
1 0
1 1
1 1
1 1
1 1
1 1
1 0
1 1
1 1
1 1
0 1
0 0
1 0
1 1
1 1
1 1
0 1
0 0
0 0
0 0
0 0
0 0
0 1
0 0
0 0
0 0
0 0
0 0
0 0
0 0
0 0
0 0
0 0
0 0
0 0
0 0
0 0
0 0
0 0
0 0
0 0
0 0
0 0
0 0
0 0
0 0
0 0
0 0
0 0
0 0
0 0
0 0
0 0
0 0
0 0
0 0
0 0
0 0
0 0
0 0
0 0
1 1
0 0
0 0
0 0
0 0
0 0
1 1
1 1
0 0
0 1
1 1
0 0
1 1
1 1
0 0
0 1
1 1
1 1
1 1
1 1
1 1
0 1
1 1
1 1
1 1
1 1
1 1
1 1
1 1
1 1
1 1
1 1
1 1
1 1
1 1
1 1
1 1
1 1
1 1
1 1
1 1
1 1
1 1
1 1
1 1
1 1
1 1
1 1
1 1
1 1
1 1
1 1
1 1
1 1
1 1
1 1
1 1
1 1
1 1
1 1
1 1
1 1
1 1
1 1
1 1
1 1
1 1
1 1
1 1
1 1
1 1
1 1
1 1
1 1
1 1
1 1
1 1
1 1
1 1
1 1
1 1
1 1
1 1
1 1
1 1
1 1
1 1
1 1
1 1
1 1
1 1
1 1
1 1
1 1
1 1
1 1
1 1
1 1
1 1
1 1
1 1
1 1
1 1
1 1
1 1
1 1
1 1
1 1
1 1
1 1
1 1
1 1
1 1
1 1
1 1
1 1
1 1
1 1
1 1
1 1
1 1
1 1
1 1
1 1
1 1
1 1
1 1
1 1
1 1
1 1
1 1
1 1
1 1
1 1
1 1
1 1
1 1
1 1
1 1
1 1
1 1
1 1
1 1
1 1
1 1
1 1
1 1
1 1
1 1
1 1
1 1
1 1
1 1
1 1
1 1
1 1
1 1
1 1
1 1
1 1
1 1
1 1
1 1
1 1
1 1
1 1
1 1
1 1
1 1
1 1
1 1
1 1
1 1
1 1
1 1
1 1
1 1
1 1
1 1
1 1
1 1
1 1
1 1
1 1
1 1
1 1
1 1
1 1
1 1
1 1
1 1
1 1
1 1
1 1
1 1
1 1
1 1
1 1
1 1
1 1
1 1
