1 1
1 1
1 1
1 1
1 1
1 1
1 1
1 1
1 1
1 1
1 1
1 1
1 1
1 1
1 1
1 1
1 1
1 1
1 1
1 1
1 1
1 1
1 1
1 1
1 1
1 1
1 1
1 1
1 1
1 1
1 1
1 1
1 1
1 1
1 1
1 1
1 1
1 1
1 1
1 1
1 1
1 1
1 1
1 1
1 1
1 1
1 1
1 1
1 1
1 1
1 1
1 1
1 1
1 1
1 1
1 1
1 1
1 1
1 1
1 1
1 1
1 1
1 1
1 1
1 1
1 1
1 1
1 1
1 1
1 1
1 1
1 1
1 1
1 1
1 1
1 1
1 1
1 1
1 1
1 1
1 1
1 1
1 1
1 1
1 1
1 1
1 1
1 1
1 1
1 1
1 1
1 1
1 1
1 1
1 1
1 1
1 1
1 1
1 1
1 1
1 1
1 1
1 1
1 1
1 1
1 1
1 1
1 1
1 1
1 1
1 1
1 1
1 1
1 1
1 1
1 1
1 1
1 1
1 1
1 1
1 1
1 1
1 1
1 1
1 1
1 1
1 1
1 1
1 1
1 1
1 1
1 1
1 1
1 1
1 1
1 1
1 1
1 1
1 1
1 1
1 1
1 1
1 1
1 1
0.926333 1
0.932737 1
0.955776 1
0.977739 1
0.940681 1
0.952359 1
0.963497 1
0.98403 1
0.952462 1
0.958875 1
0.971576 1
0.986138 1
0.953619 1
0.963929 1
0.976958 1
0.990087 1
0.962343 1
0.972004 1
0.978186 1
0.991027 1
0.967877 1
0.975202 1
0.983539 1
0.990847 1
0.971748 1
0.968433 1
0.987155 1
0.988966 1
0.973518 1
0.9866 1
0.981435 1
0.99526 1
0.966762 1
0.983929 1
0.979998 1
0.996487 1
1 1
0.965776 1
0.982947 1
0.977568 1
1 1
1 1
1 1
1 1
1 1
1 1
1 1
1 1
0.935655 1
0.949678 1
0.964586 1
0.984063 1
0.948303 1
0.959765 1
0.974504 1
0.988425 1
0.95996 1
0.967989 1
0.979853 1
0.9895 1
0.968676 1
0.971742 1
0.979974 1
0.991314 1
0.966111 1
0.973251 1
0.981643 1
0.993513 1
0.95911 1
0.968849 1
0.955584 1
1 1
1 1
1 1
1 1
1 1
1 1
1 1
1 1
1 1
1 1
1 1
1 1
1 1
1 1
1 1
1 1
1 1
1 1
1 1
1 1
1 1
1 1
1 1
1 1
1 1
1 1
1 1
1 1
1 1
1 1
1 1
1 1
1 1
1 1
1 1
1 1
1 1
1 1
1 1
1 1
1 1
1 1
1 1
1 1
1 1
1 1
1 1
1 1
1 1
1 1
1 1
1 1
1 1
1 1
1 1
1 1
1 1
1 1
1 1
1 1
1 1
1 1
1 1
1 1
1 1
1 1
1 1
1 1
1 1
1 1
1 1
1 1
1 1
1 1
1 1
1 1
1 1
1 1
1 1
1 1
1 1
1 1
1 1
1 1
1 1
1 1
1 1
1 1
1 1
1 1
1 1
1 1
1 1
1 1
1 1
1 1
1 1
1 1
1 1
1 1
1 1
1 1
1 1
1 1
1 1
1 1
1 1
1 1
1 1
1 1
1 1
1 1
1 1
1 1
1 1
1 1
1 1
1 1
1 1
1 1
1 1
1 1
1 1
1 1
1 1
1 1
1 1
1 1
1 1
1 1
1 1
1 1
1 1
1 1
1 1
1 1
1 1
0.944864 1
0.951086 1
0.968506 1
0.985461 1
0.96488 1
0.951376 1
0.961438 1
0.979647 1
0.960851 1
0.967771 1
0.973792 1
0.985557 1
0.966214 1
0.964161 1
0.971816 1
0.986333 1
0.978447 1
0.985748 1
0.982503 1
0.99471 1
0.978386 1
0.981314 1
0.976617 1
0.991554 1
0.981845 1
0.993042 1
0.992905 1
1 1
0.992317 1
1 1
0.994214 1
0.997677 1
1 1
1 1
1 1
1 1
0.933559 1
0.948188 1
0.954768 1
0.982767 1
0.939189 1
0.946974 1
0.961616 1
0.980259 1
0.950871 1
0.95385 1
0.966408 1
0.982735 1
0.954986 1
0.958095 1
0.970466 1
0.984969 1
0.960013 1
0.966855 1
0.974389 1
0.986558 1
0.965464 1
0.968167 1
0.977762 1
0.986636 1
0.973211 1
0.971581 1
0.979022 1
0.992401 1
0.974996 1
0.979135 1
0.985462 1
0.993533 1
0.97905 1
0.978996 1
0.991396 1
0.993443 1
0.984809 1
0.989016 1
0.990159 1
0.995991 1
0.993253 1
0.994026 1
0.993195 1
0.996056 1
0.92048 1
0.931105 1
0.951941 1
0.977598 1
0.935778 1
0.944717 1
0.959765 1
0.981079 1
0.94606 1
0.952251 1
0.969138 1
0.984767 1
0.955673 1
0.961719 1
0.975827 1
0.986594 1
0.96225 1
0.969346 1
0.979389 1
0.990343 1
0.966873 1
0.971978 1
0.980456 1
0.991884 1
0.97419 1
0.976643 1
0.98277 1
0.991671 1
0.97152 1
0.975718 1
0.98583 1
0.991581 1
0.977963 1
0.979216 1
0.988522 1
0.992192 1
0.977274 1
0.982155 1
0.989205 1
0.991524 1
0.988281 1
0.988391 1
0.989396 1
0.995406 1
1 1
0.983465 1
0.988988 1
1 1
0.927379 1
0.944854 1
0.962187 1
0.980486 1
0.944745 1
0.954866 1
0.971453 1
0.984303 1
0.954728 1
0.96662 1
0.976268 1
0.986826 1
0.96159 1
0.970592 1
0.980914 1
0.990567 1
0.966348 1
0.967331 1
0.980146 1
0.989271 1
0.977143 1
0.959027 1
0.998091 1
0.993627 1
1 1
1 1
1 1
1 1
1 1
1 1
1 1
1 1
1 1
1 1
1 1
1 1
1 1
1 1
1 1
1 1
1 1
1 1
1 1
1 1
1 1
1 1
1 1
1 1
1 1
1 1
1 1
1 1
1 1
1 1
1 1
1 1
1 1
1 1
1 1
1 1
1 1
1 1
1 1
1 1
1 1
1 1
1 1
1 1
1 1
1 1
1 1
1 1
1 1
1 1
1 1
1 1
1 1
1 1
1 1
1 1
1 1
1 1
1 1
1 1
1 1
1 1
1 1
1 1
1 1
1 1
1 1
1 1
1 1
1 1
1 1
1 1
1 1
1 1
1 1
1 1
1 1
1 1
1 1
1 1
1 1
1 1
1 1
1 1
1 1
1 1
1 1
1 1
1 1
1 1
1 1
1 1
1 1
1 1
1 1
1 1
0.959579 1
0.962528 1
0.982312 1
0.99612 1
0.970812 1
0.973717 1
0.981228 1
0.992311 1
0.980204 1
0.97804 1
0.988355 1
0.983815 1
0.985118 1
0.985854 1
0.99027 1
0.993475 1
0.987138 1
0.988129 1
0.993373 1
0.994631 1
0.991684 1
0.9949 1
0.995813 1
0.999292 1
1 1
1 1
1 1
1 1
1 1
1 1
1 1
1 1
1 1
1 1
1 1
1 1
1 1
1 1
1 1
1 1
0.955319 1
0.959973 1
0.959806 1
0.980682 1
0.957775 1
0.961641 1
0.970938 1
0.98465 1
0.964115 1
0.969968 1
0.973428 1
0.987223 1
0.970868 1
0.969891 1
0.97837 1
0.990962 1
0.979798 1
0.977208 1
0.981092 1
0.99231 1
0.987812 1
0.987374 1
0.983431 1
0.995675 1
0.992047 1
0.992196 1
0.990789 1
0.996377 1
0.99516 1
0.993142 1
0.995487 1
0.997654 1
1 1
1 1
1 1
1 1
0.939054 1
0.935656 1
0.946653 1
0.982296 1
0.938175 1
0.943022 1
0.961729 1
0.981737 1
0.946424 1
0.953899 1
0.964634 1
0.983312 1
0.952534 1
0.961345 1
0.970713 1
0.985902 1
0.963381 1
0.96606 1
0.974434 1
0.985004 1
0.971339 1
0.973292 1
0.978733 1
0.989552 1
0.975507 1
0.974782 1
0.983353 1
0.989934 1
0.979805 1
0.981143 1
0.983755 1
0.991427 1
0.983102 1
0.984504 1
0.980764 1
0.994082 1
0.989721 1
0.984383 1
0.98988 1
0.995355 1
0.99491 1
0.995254 1
0.995768 1
0.998284 1
0.914051 1
0.925659 1
0.946258 1
0.974908 1
0.929876 1
0.936971 1
0.955449 1
0.978306 1
0.944301 1
0.950233 1
0.965466 1
0.984348 1
0.948511 1
0.958668 1
0.968582 1
0.986165 1
0.960346 1
0.962821 1
0.972665 1
0.989249 1
0.959521 1
0.968361 1
0.979565 1
0.992034 1
0.967065 1
0.976022 1
0.982219 1
0.989859 1
0.97089 1
0.97425 1
0.985013 1
0.992694 1
0.97379 1
0.971245 1
0.983868 1
0.992153 1
0.976958 1
0.984445 1
0.982443 1
0.992724 1
0.991871 1
0.986765 1
0.992811 1
1 1
1 1
1 1
1 1
1 1
0.922439 1
0.941044 1
0.96134 1
0.980965 1
0.943192 1
0.951222 1
0.971797 1
0.985697 1
0.959414 1
0.96749 1
0.97541 1
0.98502 1
0.960448 1
0.967655 1
0.979314 1
0.989352 1
0.957385 1
0.971832 1
0.97512 1
0.988994 1
0.994197 1
0.957284 1
0.986037 1
0.985424 1
1 1
1 1
1 1
1 1
1 1
1 1
1 1
1 1
1 1
1 1
1 1
1 1
1 1
1 1
1 1
1 1
1 1
1 1
1 1
1 1
1 1
1 1
1 1
1 1
1 1
1 1
1 1
1 1
1 1
1 1
1 1
1 1
1 1
1 1
1 1
1 1
1 1
1 1
1 1
1 1
1 1
1 1
1 1
1 1
1 1
1 1
1 1
1 1
1 1
1 1
1 1
1 1
1 1
1 1
1 1
1 1
1 1
1 1
1 1
1 1
1 1
1 1
1 1
1 1
1 1
1 1
1 1
1 1
1 1
1 1
1 1
1 1
1 1
1 1
1 1
1 1
1 1
1 1
1 1
1 1
1 1
1 1
1 1
1 1
1 1
1 1
1 1
1 1
1 1
1 1
1 1
1 1
1 1
1 1
1 1
1 1
0.969489 1
0.963813 1
0.987682 1
1 1
0.96921 1
0.981571 1
0.976253 1
0.991109 1
0.984633 1
0.988126 1
0.986073 1
0.991948 1
0.985843 1
0.987975 1
0.991346 1
0.993319 1
0.992276 1
0.987266 1
0.98962 1
0.993927 1
0.993434 1
0.99291 1
0.994597 1
0.996665 1
1 1
1 1
1 1
1 1
1 1
1 1
1 1
1 1
1 1
1 1
1 1
1 1
1 1
1 1
1 1
1 1
0.948183 1
0.963599 1
0.971578 1
0.983051 1
0.960329 1
0.955034 1
0.971111 1
0.98151 1
0.973265 1
0.964504 1
0.967516 1
0.98351 1
0.97209 1
0.971449 1
0.980403 1
0.990083 1
0.979764 1
0.979483 1
0.980077 1
0.990222 1
0.983425 1
0.982967 1
0.987674 1
0.992579 1
0.989759 1
0.992823 1
0.985902 1
0.99827 1
0.995101 1
0.995151 1
0.990939 1
0.995485 1
1 1
1 1
1 1
1 1
0.93339 1
0.922378 1
0.955984 1
0.983058 1
0.943059 1
0.955675 1
0.954708 1
0.977842 1
0.948904 1
0.956787 1
0.965492 1
0.985164 1
0.957701 1
0.959292 1
0.973523 1
0.98388 1
0.962192 1
0.964408 1
0.968638 1
0.987332 1
0.962871 1
0.967563 1
0.976817 1
0.989807 1
0.976162 1
0.976699 1
0.988034 1
0.992551 1
0.979097 1
0.977911 1
0.987424 1
0.991885 1
0.980668 1
0.988232 1
0.985076 1
0.991707 1
0.98672 1
0.989514 1
0.98897 1
0.994963 1
0.993783 1
0.994438 1
0.99151 1
1 1
0.910188 1
0.924177 1
0.948595 1
0.974599 1
0.932698 1
0.933903 1
0.952252 1
0.979713 1
0.941394 1
0.94712 1
0.964229 1
0.981055 1
0.947128 1
0.960576 1
0.969131 1
0.984588 1
0.96181 1
0.964515 1
0.972983 1
0.987388 1
0.963797 1
0.967766 1
0.975862 1
0.98527 1
0.969374 1
0.97027 1
0.981872 1
0.988743 1
0.970584 1
0.973114 1
0.981789 1
0.989773 1
0.983536 1
0.984993 1
0.981244 1
0.993864 1
0.993276 1
0.980966 1
0.987229 1
0.991975 1
0.979418 1
0.97828 1
0.99355 1
0.996201 1
1 1
1 1
1 1
0.966269 1
0.926597 1
0.936617 1
0.963643 1
0.980428 1
0.948939 1
0.95133 1
0.966621 1
0.9842 1
0.954937 1
0.960868 1
0.975962 1
0.984954 1
0.965271 1
0.968353 1
0.975898 1
0.988486 1
0.963648 1
0.979042 1
0.980059 1
0.990375 1
0.986273 1
0.974781 1
1 1
1 1
1 1
1 1
1 1
1 1
1 1
1 1
1 1
1 1
1 1
1 1
1 1
1 1
1 1
1 1
1 1
1 1
1 1
1 1
1 1
1 1
1 1
1 1
1 1
1 1
1 1
1 1
1 1
1 1
1 1
1 1
1 1
1 1
1 1
1 1
1 1
1 1
1 1
1 1
1 1
1 1
1 1
1 1
1 1
1 1
1 1
1 1
1 1
1 1
1 1
1 1
1 1
1 1
1 1
1 1
1 1
1 1
1 1
1 1
1 1
1 1
1 1
1 1
1 1
1 1
1 1
1 1
1 1
1 1
1 1
1 1
1 1
1 1
1 1
1 1
1 1
1 1
1 1
1 1
1 1
1 1
1 1
1 1
1 1
1 1
1 1
1 1
1 1
1 1
1 1
1 1
1 1
1 1
1 1
1 1
1 1
1 1
0.983113 1
0.984035 1
0.984047 1
0.989006 1
0.973634 1
0.983137 1
0.986116 1
0.984528 1
0.981153 1
0.982226 1
0.984152 1
0.992706 1
0.984781 1
0.99203 1
0.985045 1
0.992754 1
0.988945 1
0.988629 1
0.99241 1
0.996479 1
0.992728 1
0.993006 1
0.993987 1
0.99607 1
1 1
1 1
1 1
1 1
1 1
1 1
1 1
1 1
1 1
1 1
1 1
1 1
1 1
1 1
1 1
1 1
0.953028 1
0.951098 1
0.967269 1
0.982081 1
0.960374 1
0.967489 1
0.967274 1
0.984637 1
0.964203 1
0.961831 1
0.977559 1
0.986815 1
0.971618 1
0.974937 1
0.979488 1
0.988528 1
0.986468 1
0.983355 1
0.98499 1
0.994114 1
0.988905 1
0.987598 1
0.989593 1
0.99469 1
0.992191 1
0.992625 1
0.993338 1
0.992959 1
0.993241 1
0.995631 1
0.992399 1
0.997171 1
1 1
1 1
1 1
1 1
0.923508 1
0.930928 1
0.953428 1
0.984847 1
0.947967 1
0.95054 1
0.95844 1
0.978916 1
0.951971 1
0.95459 1
0.965205 1
0.979971 1
0.965989 1
0.962923 1
0.966468 1
0.983474 1
0.963196 1
0.969069 1
0.97104 1
0.988107 1
0.970843 1
0.974898 1
0.976071 1
0.988729 1
0.975388 1
0.977743 1
0.984233 1
0.989831 1
0.976305 1
0.984729 1
0.986023 1
0.991788 1
0.986307 1
0.988865 1
0.985605 1
0.994237 1
0.988538 1
0.992066 1
0.992954 1
0.995848 1
0.992116 1
0.996125 1
0.992414 1
0.994191 1
0.915539 1
0.925944 1
0.946087 1
0.972869 1
0.9297 1
0.936672 1
0.953787 1
0.9779 1
0.943392 1
0.949261 1
0.961412 1
0.980566 1
0.950299 1
0.953937 1
0.968635 1
0.981136 1
0.959545 1
0.960862 1
0.972302 1
0.986101 1
0.968842 1
0.969797 1
0.978623 1
0.985771 1
0.973285 1
0.969504 1
0.976946 1
0.986688 1
0.967944 1
0.979833 1
0.980919 1
0.99334 1
0.96641 1
0.977116 1
0.98309 1
0.989883 1
0.988568 1
0.97727 1
0.984853 1
0.996514 1
0.995993 1
0.986084 1
0.996218 1
0.991743 1
1 1
1 1
0.973104 1
1 1
0.928262 1
0.93409 1
0.955712 1
0.980913 1
0.943463 1
0.949503 1
0.968801 1
0.982985 1
0.951159 1
0.965667 1
0.970721 1
0.986783 1
0.964938 1
0.959766 1
0.979778 1
0.99215 1
0.961366 1
0.967868 1
0.97507 1
0.990474 1
0.955373 1
0.957302 1
0.990075 1
0.989518 1
1 1
1 1
1 1
1 1
1 1
1 1
1 1
1 1
1 1
1 1
1 1
1 1
1 1
1 1
1 1
1 1
1 1
1 1
1 1
1 1
1 1
1 1
1 1
1 1
1 1
1 1
1 1
1 1
1 1
1 1
1 1
1 1
1 1
1 1
1 1
1 1
1 1
1 1
1 1
1 1
1 1
1 1
1 1
1 1
1 1
1 1
1 1
1 1
1 1
1 1
1 1
1 1
1 1
1 1
1 1
1 1
1 1
1 1
1 1
1 1
1 1
1 1
1 1
1 1
1 1
1 1
1 1
1 1
1 1
1 1
1 1
1 1
1 1
1 1
1 1
1 1
1 1
1 1
1 1
1 1
1 1
1 1
1 1
1 1
1 1
1 1
1 1
1 1
1 1
1 1
1 1
1 1
1 1
1 1
1 1
1 1
0.976454 1
0.984505 1
0.977428 1
0.979084 1
0.977121 1
0.978081 1
0.984834 1
0.986518 1
0.981542 1
0.98767 1
0.981174 1
0.991036 1
0.989794 1
0.987176 1
0.98563 1
0.991001 1
0.987707 1
0.996107 1
0.989295 1
0.99467 1
0.99242 1
0.99137 1
0.994004 1
0.997865 1
1 1
1 1
1 1
1 1
1 1
1 1
1 1
1 1
1 1
1 1
1 1
1 1
1 1
1 1
1 1
1 1
0.961025 1
0.9568 1
0.962048 1
0.988159 1
0.96625 1
0.969633 1
0.970278 1
0.987204 1
0.970306 1
0.969888 1
0.979101 1
0.985715 1
0.977268 1
0.980648 1
0.983328 1
0.985499 1
0.984983 1
0.98373 1
0.987817 1
0.991926 1
0.99351 1
0.989895 1
0.992125 1
0.995529 1
0.994185 1
0.994056 1
0.989294 1
0.998033 1
0.995616 1
0.99376 1
0.997357 1
0.997762 1
1 1
1 1
1 1
1 1
0.913281 1
0.945714 1
0.946965 1
0.960722 1
0.953605 1
0.946545 1
0.957742 1
0.98035 1
0.958861 1
0.959574 1
0.962107 1
0.980638 1
0.963067 1
0.963286 1
0.967498 1
0.98584 1
0.972872 1
0.972343 1
0.9731 1
0.990332 1
0.979172 1
0.976989 1
0.978543 1
0.989301 1
0.978982 1
0.985925 1
0.983737 1
0.984555 1
0.987196 1
0.985729 1
0.981891 1
0.992841 1
0.990811 1
0.984234 1
0.989991 1
0.993386 1
0.994987 1
0.988001 1
0.99381 1
0.994775 1
0.993214 1
0.991866 1
0.992507 1
0.993456 1
0.92304 1
0.932988 1
0.947353 1
0.970691 1
0.936452 1
0.940113 1
0.951194 1
0.977056 1
0.946357 1
0.951574 1
0.960151 1
0.980255 1
0.958005 1
0.959789 1
0.96863 1
0.985218 1
0.964981 1
0.966043 1
0.973045 1
0.986933 1
0.972809 1
0.968243 1
0.977082 1
0.989941 1
0.973908 1
0.96751 1
0.978096 1
0.987108 1
0.981288 1
0.973452 1
0.983377 1
0.993362 1
0.989206 1
0.980209 1
0.987795 1
0.992259 1
0.986321 1
0.978905 1
0.996832 1
0.996076 1
0.996315 1
0.982112 1
0.995547 1
0.99291 1
1 1
1 1
1 1
1 1
0.92727 1
0.936421 1
0.957921 1
0.979824 1
0.934947 1
0.950958 1
0.964484 1
0.983399 1
0.955068 1
0.952961 1
0.97026 1
0.983413 1
0.963866 1
0.965449 1
0.973846 1
0.990824 1
0.963819 1
0.961931 1
0.9875 1
0.996045 1
0.985712 1
0.986618 1
0.971234 1
0.989084 1
1 1
1 1
1 1
1 1
1 1
1 1
1 1
1 1
1 1
1 1
1 1
1 1
1 1
1 1
1 1
1 1
1 1
1 1
1 1
1 1
1 1
1 1
1 1
1 1
1 1
1 1
1 1
1 1
1 1
1 1
1 1
1 1
1 1
1 1
1 1
1 1
1 1
1 1
1 1
1 1
1 1
1 1
1 1
1 1
1 1
1 1
1 1
1 1
1 1
1 1
1 1
1 1
1 1
1 1
1 1
1 1
1 1
1 1
1 1
1 1
1 1
1 1
1 1
1 1
1 1
1 1
1 1
1 1
1 1
1 1
1 1
1 1
1 1
1 1
1 1
1 1
1 1
1 1
1 1
1 1
1 1
1 1
1 1
1 1
1 1
1 1
1 1
1 1
1 1
1 1
1 1
1 1
1 1
1 1
1 1
1 1
0.971767 1
0.977457 1
0.960031 1
0.972289 1
0.978681 1
0.981967 1
0.985749 1
0.992854 1
0.994211 1
0.985767 1
0.981117 1
0.993576 1
0.99229 1
0.983946 1
0.992574 1
0.993901 1
0.996892 1
0.998709 1
0.991018 1
0.993236 1
0.996728 1
0.997929 1
0.996816 1
0.997203 1
1 1
1 1
1 1
1 1
1 1
1 1
1 1
1 1
1 1
1 1
1 1
1 1
1 1
1 1
1 1
1 1
0.973902 1
0.970529 1
0.973915 1
0.968295 1
0.988096 1
0.976441 1
0.975074 1
0.988188 1
0.989549 1
0.982722 1
0.984074 1
0.991935 1
0.99227 1
0.980588 1
0.988107 1
0.988811 1
0.99093 1
0.990522 1
0.988322 1
0.991396 1
0.994393 1
0.993478 1
0.996592 1
0.998016 1
0.997733 1
0.997709 1
0.996312 1
0.990638 1
1 1
1 1
0.996283 1
0.998247 1
1 1
1 1
1 1
1 1
0.954585 1
0.970202 1
0.944454 1
0.982316 1
0.958302 1
0.967706 1
0.954375 1
0.979346 1
0.965143 1
0.962899 1
0.965654 1
0.979927 1
0.971704 1
0.964769 1
0.970548 1
0.984151 1
0.975054 1
0.973813 1
0.983059 1
0.984231 1
0.981626 1
0.97964 1
0.981949 1
0.987071 1
0.988665 1
0.984838 1
0.986879 1
0.990827 1
0.988691 1
0.985636 1
0.989313 1
0.988945 1
0.993652 1
1 1
0.984785 1
0.995112 1
0.997641 1
0.996166 1
0.994066 1
0.99361 1
0.992247 1
0.984687 1
0.994863 1
1 1
0.926423 1
0.938023 1
0.937683 1
0.97094 1
0.936363 1
0.943413 1
0.954629 1
0.976574 1
0.944643 1
0.959497 1
0.95383 1
0.98188 1
0.958083 1
0.958654 1
0.963587 1
0.98717 1
0.96613 1
0.965262 1
0.969355 1
0.985293 1
0.977977 1
0.975101 1
0.972032 1
0.986864 1
0.977444 1
0.974295 1
0.978005 1
0.985301 1
0.976685 1
0.97028 1
0.983853 1
0.98483 1
0.993884 1
0.981549 1
0.990675 1
0.995172 1
0.988954 1
1 1
0.988314 1
0.989467 1
1 1
0.986164 1
1 1
0.99093 1
1 1
1 1
1 1
1 1
0.916312 1
0.93179 1
0.954886 1
0.977616 1
0.941618 1
0.954532 1
0.954295 1
0.988955 1
0.951187 1
0.959033 1
0.968605 1
0.98788 1
0.955403 1
0.95761 1
0.975401 1
0.987342 1
0.991982 1
0.986091 1
0.979007 1
0.988399 1
1 1
1 1
0.955521 1
1 1
1 1
1 1
1 1
1 1
1 1
1 1
1 1
1 1
1 1
1 1
1 1
1 1
1 1
1 1
1 1
1 1
1 1
1 1
1 1
1 1
1 1
1 1
1 1
1 1
1 1
1 1
1 1
1 1
1 1
1 1
1 1
1 1
1 1
1 1
1 1
1 1
1 1
1 1
1 1
1 1
1 1
1 1
1 1
1 1
1 1
1 1
1 1
1 1
1 1
1 1
1 1
1 1
1 1
1 1
1 1
1 1
1 1
1 1
1 1
1 1
1 1
1 1
1 1
1 1
1 1
1 1
1 1
1 1
1 1
1 1
1 1
1 1
1 1
1 1
1 1
1 1
1 1
1 1
1 1
1 1
1 1
1 1
1 1
1 1
1 1
1 1
1 1
1 1
1 1
1 1
1 1
1 1
1 1
1 1
1 1
1 1
1 1
1 1
0.829872 1
1 1
0.983304 1
0.983938 1
0.993666 1
0.981811 1
0.98485 1
0.991561 1
0.975092 1
0.984802 1
1 1
0.992529 1
0.996305 1
1 1
0.984231 1
0.983361 1
0.988702 1
0.997096 1
0.982775 1
0.995155 1
1 1
0.996218 1
1 1
1 1
1 1
1 1
1 1
1 1
1 1
1 1
1 1
1 1
1 1
1 1
1 1
1 1
1 1
1 1
0.966965 1
0.966284 1
0.984149 1
0.984684 1
0.96374 1
0.98159 1
0.974428 1
0.989083 1
0.97724 1
0.982606 1
0.987357 1
0.982554 1
0.989064 1
0.988062 1
0.986064 1
0.992366 1
0.983691 1
0.985994 1
0.997401 1
0.987135 1
0.97959 1
0.993411 1
0.986415 1
1 1
0.99499 1
0.996066 1
1 1
1 1
0.995312 1
1 1
0.996283 1
1 1
1 1
1 1
1 1
1 1
0.937578 1
0.95832 1
0.981717 1
1 1
0.957517 1
0.963825 1
0.957794 1
0.980197 1
0.957547 1
0.96355 1
0.971182 1
0.97963 1
0.968953 1
0.975818 1
0.968154 1
0.979895 1
0.979419 1
0.969274 1
0.980887 1
0.981313 1
0.970245 1
0.972384 1
0.98855 1
0.981013 1
0.989554 1
0.977596 1
0.981368 1
0.993125 1
0.985668 1
0.988646 1
0.985106 1
0.99498 1
0.996479 1
1 1
0.989308 1
0.986131 1
0.989848 1
0.993787 1
1 1
0.995466 1
0.996612 1
0.994764 1
1 1
0.992591 1
0.942251 1
0.943901 1
0.946843 1
0.977304 1
0.949402 1
0.94918 1
0.951459 1
0.978065 1
0.957025 1
0.963357 1
0.970288 1
0.984957 1
0.969965 1
0.965218 1
0.970391 1
0.984238 1
0.977991 1
0.974299 1
0.975675 1
0.98172 1
0.976278 1
0.982456 1
0.966032 1
0.985096 1
0.980634 1
0.988572 1
0.983719 1
0.992295 1
0.986023 1
0.98767 1
0.97802 1
0.996856 1
0.972991 1
0.987885 1
1 1
0.989879 1
0.98971 1
0.984468 1
0.989848 1
1 1
1 1
1 1
1 1
1 1
1 1
1 1
1 1
1 1
0.93874 1
0.935193 1
0.937156 1
0.971795 1
0.944255 1
0.954701 1
0.945165 1
0.978059 1
0.949598 1
0.966168 1
0.951675 1
0.9851 1
0.949857 1
0.959817 1
0.973048 1
0.980401 1
0.963753 1
0.973851 1
0.967787 1
0.971167 1
0.952885 1
1 1
0.911647 1
0.93342 1
1 1
1 1
1 1
1 1
1 1
1 1
1 1
1 1
1 1
1 1
1 1
1 1
1 1
1 1
1 1
1 1
1 1
1 1
1 1
1 1
1 1
1 1
1 1
1 1
1 1
1 1
1 1
1 1
1 1
1 1
1 1
1 1
1 1
1 1
1 1
1 1
1 1
1 1
1 1
1 1
1 1
1 1
1 1
1 1
1 1
1 1
1 1
1 1
1 1
1 1
1 1
1 1
1 1
1 1
1 1
1 1
1 1
1 1
1 1
1 1
1 1
1 1
1 1
1 1
1 1
1 1
1 1
1 1
1 1
1 1
1 1
1 1
1 1
1 1
1 1
1 1
1 1
1 1
1 1
1 1
1 1
1 1
1 1
1 1
1 1
1 1
1 1
1 1
1 1
1 1
1 1
1 1
1 1
1 1
1 1
1 1
1 1
1 1
1 1
1 1
0.983274 1
0.976208 1
0.981127 1
0.984107 1
1 1
0.977953 1
1 1
1 1
1 1
0.994447 1
0.994604 1
1 1
0.987295 1
1 1
1 1
0.981264 1
0.99357 1
0.991673 1
0.993043 1
0.992304 1
1 1
1 1
1 1
1 1
1 1
1 1
1 1
1 1
1 1
1 1
1 1
1 1
1 1
1 1
1 1
1 1
0.97798 1
0.980063 1
0.979272 1
0.980207 1
0.981931 1
0.969869 1
0.985057 1
0.988509 1
0.98478 1
0.976867 1
0.978153 1
0.988248 1
0.995585 1
0.984805 1
0.98876 1
0.988545 1
0.987431 1
0.986145 1
0.994782 1
0.986029 1
1 1
0.990506 1
0.985997 1
0.996418 1
0.993665 1
1 1
0.99382 1
0.995299 1
0.990126 1
0.995889 1
1 1
0.99515 1
1 1
1 1
1 1
1 1
0.987147 1
0.949732 1
0.962769 1
0.984925 1
0.973973 1
0.965988 1
0.969844 1
0.977723 1
0.965928 1
0.971611 1
0.976806 1
0.97831 1
0.975255 1
0.978336 1
0.970755 1
0.983811 1
0.984514 1
0.976976 1
0.98269 1
0.982986 1
0.987363 1
0.981989 1
0.987718 1
0.984713 1
0.9791 1
0.980863 1
0.988547 1
0.994164 1
0.993454 1
0.991625 1
0.988145 1
0.989828 1
0.97803 1
0.994415 1
0.985629 1
0.996294 1
1 1
0.991188 1
0.996185 1
1 1
1 1
0.996259 1
1 1
1 1
0.942547 1
0.944199 1
0.952326 1
0.975419 1
0.966519 1
0.951764 1
0.96171 1
0.978926 1
0.964894 1
0.963991 1
0.966968 1
0.979975 1
0.974875 1
0.977184 1
0.970842 1
0.984448 1
0.980922 1
0.983696 1
0.978191 1
0.986338 1
0.984345 1
0.977177 1
0.985385 1
0.989102 1
0.988808 1
0.98871 1
0.984535 1
0.993554 1
0.988635 1
0.988698 1
0.973778 1
0.993212 1
0.991621 1
0.989457 1
0.995723 1
0.990591 1
0.989782 1
0.976158 1
0.989693 1
1 1
1 1
1 1
1 1
1 1
1 1
1 1
1 1
1 1
0.941645 1
0.940572 1
0.938685 1
0.977169 1
0.959933 1
0.951877 1
0.953735 1
0.984522 1
0.969367 1
0.960432 1
0.964628 1
0.98132 1
0.963928 1
0.952215 1
0.980628 1
0.98792 1
0.978062 1
0.984101 1
0.991699 1
0.995492 1
1 1
1 1
1 1
1 1
1 1
1 1
1 1
1 1
1 1
1 1
1 1
1 1
1 1
1 1
1 1
1 1
1 1
1 1
1 1
1 1
1 1
1 1
1 1
1 1
1 1
1 1
1 1
1 1
1 1
1 1
1 1
1 1
1 1
1 1
1 1
1 1
1 1
1 1
1 1
1 1
1 1
1 1
1 1
1 1
1 1
1 1
1 1
1 1
1 1
1 1
1 1
1 1
1 1
1 1
1 1
1 1
1 1
1 1
1 1
1 1
1 1
1 1
1 1
1 1
1 1
1 1
1 1
1 1
1 1
1 1
1 1
1 1
1 1
1 1
1 1
1 1
1 1
1 1
1 1
1 1
1 1
1 1
1 1
1 1
1 1
1 1
1 1
1 1
1 1
1 1
1 1
1 1
1 1
1 1
1 1
1 1
1 1
1 1
1 1
1 1
1 1
1 1
1 1
1 1
1 1
1 1
1 1
1 1
1 1
1 1
1 1
1 1
1 1
1 1
1 1
1 1
1 1
1 1
1 1
1 1
1 1
1 1
1 1
1 1
1 1
1 1
1 1
1 1
1 1
1 1
1 1
1 1
1 1
1 1
1 1
1 1
1 1
1 1
1 1
1 1
1 1
1 1
1 1
1 1
1 1
1 1
1 1
1 1
1 1
1 1
1 1
1 1
1 1
1 1
1 1
1 1
1 1
1 1
1 1
1 1
1 1
1 1
1 1
1 1
1 1
1 1
1 1
1 1
1 1
1 1
1 1
1 1
1 1
1 1
1 1
1 1
1 1
1 1
1 1
1 1
1 1
1 1
1 1
1 1
1 1
1 1
1 1
1 1
1 1
1 1
1 1
1 1
1 1
1 1
1 1
1 1
1 1
1 1
1 1
1 1
1 1
1 1
1 1
1 1
1 1
1 1
1 1
1 1
1 1
1 1
1 1
1 1
1 1
1 1
1 1
1 1
1 1
1 1
1 1
1 1
0.936325 1
0.945723 1
0.961337 1
0.982232 1
0.949572 1
0.95664 1
0.970117 1
0.984933 1
0.953609 1
0.966858 1
0.978066 1
0.987255 1
0.959664 1
0.973762 1
0.97871 1
0.989449 1
0.969071 1
0.9744 1
0.978884 1
0.990123 1
0.975625 1
0.979808 1
0.984251 1
0.994843 1
0.97554 1
0.976513 1
0.988309 1
0.991802 1
0.983655 1
0.984584 1
0.994942 1
0.997436 1
0.992506 1
0.986371 1
0.991601 1
0.995377 1
1 1
0.92928 1
0.97688 1
1 1
1 1
1 1
1 1
1 1
1 1
1 1
1 1
1 1
0.945359 1
0.955217 1
0.968122 1
0.985857 1
0.957622 1
0.960915 1
0.977179 1
0.988397 1
0.965012 1
0.97422 1
0.980244 1
0.992786 1
0.967842 1
0.977323 1
0.985769 1
0.991567 1
0.971867 1
0.979566 1
0.987279 1
0.994378 1
0.982702 1
0.990646 1
0.988692 1
0.987716 1
1 1
1 1
1 1
1 1
1 1
1 1
1 1
1 1
1 1
1 1
1 1
1 1
1 1
1 1
1 1
1 1
1 1
1 1
1 1
1 1
1 1
1 1
1 1
1 1
1 1
1 1
1 1
1 1
1 1
1 1
1 1
1 1
1 1
1 1
1 1
1 1
1 1
1 1
1 1
1 1
1 1
1 1
1 1
1 1
1 1
1 1
1 1
1 1
1 1
1 1
1 1
1 1
1 1
1 1
1 1
1 1
1 1
1 1
1 1
1 1
1 1
1 1
1 1
1 1
1 1
1 1
1 1
1 1
1 1
1 1
1 1
1 1
1 1
1 1
1 1
1 1
1 1
1 1
1 1
1 1
1 1
1 1
1 1
1 1
1 1
1 1
1 1
1 1
1 1
1 1
1 1
1 1
1 1
1 1
1 1
1 1
1 1
1 1
1 1
1 1
1 1
1 1
1 1
1 1
1 1
1 1
1 1
1 1
1 1
1 1
1 1
1 1
1 1
1 1
1 1
1 1
1 1
1 1
1 1
1 1
1 1
1 1
1 1
1 1
1 1
1 1
1 1
1 1
1 1
1 1
1 1
1 1
1 1
1 1
1 1
1 1
0.946934 1
0.972559 1
0.965653 1
0.981868 1
0.963788 1
0.966534 1
0.975168 1
0.990599 1
0.97348 1
0.980287 1
0.986101 1
0.993716 1
0.986117 1
0.982566 1
0.994018 1
0.993726 1
0.987682 1
0.985789 1
0.992588 1
0.992705 1
0.994963 1
0.992634 1
0.983265 1
0.998343 1
0.997176 1
0.995635 1
0.995715 1
1 1
0.993751 1
0.99528 1
0.997955 1
0.998198 1
1 1
1 1
1 1
1 1
0.952857 1
0.952743 1
0.966423 1
0.976252 1
0.949834 1
0.956415 1
0.969462 1
0.986585 1
0.959591 1
0.965889 1
0.970405 1
0.986526 1
0.961971 1
0.967304 1
0.974261 1
0.987206 1
0.970691 1
0.971059 1
0.979854 1
0.989189 1
0.972378 1
0.975948 1
0.981337 1
0.990668 1
0.975969 1
0.982233 1
0.984269 1
0.991742 1
0.979117 1
0.981841 1
0.98636 1
0.994212 1
0.98308 1
0.987571 1
0.989771 1
0.99451 1
0.986264 1
0.989 1
0.990199 1
0.997037 1
0.994872 1
0.99673 1
0.995858 1
0.996867 1
0.930002 1
0.939757 1
0.959507 1
0.980843 1
0.942408 1
0.953096 1
0.966717 1
0.984214 1
0.955496 1
0.960904 1
0.973651 1
0.986795 1
0.963822 1
0.967813 1
0.979106 1
0.989289 1
0.966159 1
0.972325 1
0.980192 1
0.991446 1
0.971821 1
0.977073 1
0.983831 1
0.993897 1
0.975434 1
0.978568 1
0.984611 1
0.992293 1
0.9755 1
0.982197 1
0.987474 1
0.994081 1
0.976983 1
0.985368 1
0.99081 1
0.995876 1
0.984165 1
0.988431 1
0.990737 1
0.992567 1
0.985122 1
0.993138 1
0.995976 1
0.994252 1
1 1
0.987184 1
0.988797 1
0.987326 1
0.939007 1
0.94831 1
0.968178 1
0.984111 1
0.952472 1
0.959447 1
0.973234 1
0.987404 1
0.96194 1
0.969699 1
0.980717 1
0.988636 1
0.962743 1
0.973964 1
0.983287 1
0.992412 1
0.966004 1
0.978243 1
0.984484 1
0.991165 1
0.989719 1
0.991439 1
0.98815 1
0.992049 1
1 1
1 1
1 1
1 1
1 1
1 1
1 1
1 1
1 1
1 1
1 1
1 1
1 1
1 1
1 1
1 1
1 1
1 1
1 1
1 1
1 1
1 1
1 1
1 1
1 1
1 1
1 1
1 1
1 1
1 1
1 1
1 1
1 1
1 1
1 1
1 1
1 1
1 1
1 1
1 1
1 1
1 1
1 1
1 1
1 1
1 1
1 1
1 1
1 1
1 1
1 1
1 1
1 1
1 1
1 1
1 1
1 1
1 1
1 1
1 1
1 1
1 1
1 1
1 1
1 1
1 1
1 1
1 1
1 1
1 1
1 1
1 1
1 1
1 1
1 1
1 1
1 1
1 1
1 1
1 1
1 1
1 1
1 1
1 1
1 1
1 1
1 1
1 1
1 1
1 1
1 1
1 1
1 1
1 1
1 1
1 1
0.988787 1
0.974217 1
0.976569 1
0.989263 1
0.986093 1
0.982202 1
0.992524 1
0.993195 1
0.98707 1
0.989628 1
0.983592 1
0.993101 1
0.994892 1
0.992969 1
0.991857 1
0.997306 1
0.993343 1
0.995589 1
0.995449 1
0.996122 1
0.996914 1
0.993547 1
0.995835 1
0.999099 1
1 1
1 1
1 1
1 1
1 1
1 1
1 1
1 1
1 1
1 1
1 1
1 1
1 1
1 1
1 1
1 1
0.954223 1
0.966391 1
0.96962 1
0.986019 1
0.969017 1
0.969873 1
0.975889 1
0.987348 1
0.975268 1
0.976115 1
0.980563 1
0.990625 1
0.980104 1
0.980267 1
0.986014 1
0.992356 1
0.985697 1
0.98906 1
0.985607 1
0.994493 1
0.989609 1
0.991627 1
0.995067 1
0.996047 1
0.994483 1
0.994748 1
0.996593 1
0.996405 1
0.996525 1
0.994566 1
0.997397 1
0.997741 1
1 1
1 1
1 1
1 1
0.945182 1
0.94932 1
0.965573 1
0.977372 1
0.951673 1
0.957984 1
0.970447 1
0.985794 1
0.959446 1
0.963118 1
0.973025 1
0.98546 1
0.963776 1
0.966103 1
0.973514 1
0.98952 1
0.974632 1
0.971519 1
0.982456 1
0.990303 1
0.976264 1
0.977119 1
0.983033 1
0.993194 1
0.979751 1
0.980577 1
0.984124 1
0.992066 1
0.984563 1
0.985391 1
0.987172 1
0.994345 1
0.992154 1
0.985862 1
0.989536 1
0.993712 1
0.989642 1
0.987633 1
0.989216 1
0.994004 1
0.995295 1
0.994474 1
0.995367 1
0.995871 1
0.92303 1
0.933591 1
0.953571 1
0.977991 1
0.938292 1
0.946976 1
0.963356 1
0.98158 1
0.950373 1
0.956964 1
0.969235 1
0.985811 1
0.959229 1
0.964569 1
0.974002 1
0.991412 1
0.965118 1
0.971315 1
0.979737 1
0.990462 1
0.970108 1
0.977274 1
0.983233 1
0.991242 1
0.973422 1
0.976007 1
0.988023 1
0.990815 1
0.976132 1
0.981505 1
0.985075 1
0.992421 1
0.97715 1
0.986005 1
0.988785 1
0.991042 1
0.986543 1
0.99056 1
0.988666 1
0.996873 1
0.987044 1
0.985049 1
0.990693 1
0.996731 1
1 1
1 1
0.982856 1
1 1
0.939909 1
0.950676 1
0.968416 1
0.983216 1
0.949643 1
0.960275 1
0.975812 1
0.986608 1
0.95918 1
0.972237 1
0.980152 1
0.990792 1
0.965323 1
0.973792 1
0.982557 1
0.992052 1
0.970925 1
0.975693 1
0.98833 1
0.991291 1
0.960506 1
0.980639 1
0.990886 1
1 1
1 1
1 1
1 1
1 1
1 1
1 1
1 1
1 1
1 1
1 1
1 1
1 1
1 1
1 1
1 1
1 1
1 1
1 1
1 1
1 1
1 1
1 1
1 1
1 1
1 1
1 1
1 1
1 1
1 1
1 1
1 1
1 1
1 1
1 1
1 1
1 1
1 1
1 1
1 1
1 1
1 1
1 1
1 1
1 1
1 1
1 1
1 1
1 1
1 1
1 1
1 1
1 1
1 1
1 1
1 1
1 1
1 1
1 1
1 1
1 1
1 1
1 1
1 1
1 1
1 1
1 1
1 1
1 1
1 1
1 1
1 1
1 1
1 1
1 1
1 1
1 1
1 1
1 1
1 1
1 1
1 1
1 1
1 1
1 1
1 1
1 1
1 1
1 1
1 1
1 1
1 1
1 1
1 1
1 1
1 1
1 1
0.947223 1
0.975398 1
0.977061 1
0.99347 1
0.97998 1
0.981532 1
0.986225 1
0.984972 1
0.988967 1
0.989122 1
0.987327 1
0.994384 1
0.992405 1
0.99377 1
0.99273 1
0.997197 1
0.994 1
0.994891 1
0.994812 1
0.998103 1
0.997204 1
0.996238 1
0.99743 1
0.997701 1
1 1
1 1
1 1
1 1
1 1
1 1
1 1
1 1
1 1
1 1
1 1
1 1
1 1
1 1
1 1
1 1
0.961179 1
0.95983 1
0.978053 1
0.984707 1
0.974109 1
0.974767 1
0.973717 1
0.987576 1
0.973047 1
0.981419 1
0.979964 1
0.99202 1
0.981207 1
0.98104 1
0.982891 1
0.993414 1
0.986647 1
0.986651 1
0.99057 1
0.996106 1
0.99375 1
0.992816 1
0.989924 1
0.996925 1
0.99526 1
0.996626 1
0.992525 1
0.99767 1
0.995446 1
0.996071 1
0.999198 1
0.998122 1
1 1
1 1
1 1
1 1
0.932501 1
0.932844 1
0.968449 1
0.979614 1
0.956602 1
0.952988 1
0.967707 1
0.987476 1
0.963333 1
0.962399 1
0.973698 1
0.987916 1
0.965905 1
0.970945 1
0.977937 1
0.990535 1
0.971164 1
0.975443 1
0.981356 1
0.988701 1
0.979176 1
0.980357 1
0.979981 1
0.991346 1
0.978403 1
0.979888 1
0.987053 1
0.991716 1
0.984902 1
0.984625 1
0.989444 1
0.995138 1
0.992048 1
0.988058 1
0.992603 1
0.994506 1
0.985516 1
0.99138 1
0.995033 1
0.998361 1
0.995422 1
0.997238 1
0.995808 1
0.999403 1
0.92358 1
0.936544 1
0.955922 1
0.979097 1
0.937351 1
0.943475 1
0.960629 1
0.982695 1
0.951587 1
0.957021 1
0.966665 1
0.987036 1
0.960403 1
0.960863 1
0.974541 1
0.98657 1
0.963074 1
0.966702 1
0.978394 1
0.989787 1
0.965316 1
0.971264 1
0.982332 1
0.990633 1
0.974593 1
0.976132 1
0.980859 1
0.992102 1
0.980207 1
0.980325 1
0.987765 1
0.992753 1
0.984075 1
0.990502 1
0.987889 1
0.992445 1
0.988982 1
0.990273 1
0.990806 1
0.996086 1
0.986696 1
0.984198 1
0.985247 1
0.996944 1
1 1
1 1
1 1
1 1
0.938454 1
0.947165 1
0.964032 1
0.985469 1
0.952055 1
0.958558 1
0.975508 1
0.983555 1
0.958267 1
0.966791 1
0.978898 1
0.989113 1
0.975348 1
0.977782 1
0.982977 1
0.990786 1
0.969166 1
0.972983 1
0.987675 1
0.993846 1
0.941521 1
0.983152 1
0.965991 1
0.97846 1
1 1
1 1
1 1
1 1
1 1
1 1
1 1
1 1
1 1
1 1
1 1
1 1
1 1
1 1
1 1
1 1
1 1
1 1
1 1
1 1
1 1
1 1
1 1
1 1
1 1
1 1
1 1
1 1
1 1
1 1
1 1
1 1
1 1
1 1
1 1
1 1
1 1
1 1
1 1
1 1
1 1
1 1
1 1
1 1
1 1
1 1
1 1
1 1
1 1
1 1
1 1
1 1
1 1
1 1
1 1
1 1
1 1
1 1
1 1
1 1
1 1
1 1
1 1
1 1
1 1
1 1
1 1
1 1
1 1
1 1
1 1
1 1
1 1
1 1
1 1
1 1
1 1
1 1
1 1
1 1
1 1
1 1
1 1
1 1
1 1
1 1
1 1
1 1
1 1
1 1
1 1
1 1
1 1
1 1
1 1
1 1
0.982357 1
0.97691 1
0.992884 1
0.981563 1
0.98435 1
0.984195 1
0.987641 1
0.990811 1
0.987345 1
0.990222 1
0.990595 1
0.992972 1
0.99415 1
0.993184 1
0.993559 1
0.99739 1
0.994735 1
0.994729 1
0.994344 1
0.996872 1
0.997811 1
0.99762 1
0.997699 1
0.998654 1
1 1
1 1
1 1
1 1
1 1
1 1
1 1
1 1
1 1
1 1
1 1
1 1
1 1
1 1
1 1
1 1
0.971983 1
0.980136 1
0.97591 1
0.982197 1
0.97345 1
0.969745 1
0.981457 1
0.986939 1
0.976016 1
0.979868 1
0.982881 1
0.988959 1
0.981379 1
0.984791 1
0.98417 1
0.993134 1
0.989393 1
0.988258 1
0.989481 1
0.995694 1
0.989254 1
0.992951 1
0.991332 1
0.995699 1
0.993458 1
0.993401 1
0.992992 1
0.996098 1
0.996094 1
0.996343 1
0.994063 1
0.998438 1
1 1
1 1
1 1
1 1
0.942619 1
0.943716 1
0.963509 1
0.983274 1
0.951883 1
0.955542 1
0.965261 1
0.984158 1
0.964259 1
0.968756 1
0.971548 1
0.986366 1
0.968499 1
0.970447 1
0.975361 1
0.987218 1
0.973326 1
0.979096 1
0.980336 1
0.992172 1
0.9771 1
0.980409 1
0.984565 1
0.992462 1
0.9836 1
0.985145 1
0.98482 1
0.994059 1
0.986735 1
0.989892 1
0.989056 1
0.992785 1
0.986781 1
0.98979 1
0.991571 1
0.99478 1
0.995232 1
0.990539 1
0.995808 1
0.994385 1
0.997438 1
0.995724 1
0.997669 1
0.996419 1
0.931938 1
0.934261 1
0.956348 1
0.981173 1
0.944186 1
0.945199 1
0.959778 1
0.984745 1
0.953085 1
0.958173 1
0.965892 1
0.985568 1
0.961222 1
0.965442 1
0.976712 1
0.987607 1
0.965894 1
0.970148 1
0.978779 1
0.990407 1
0.975195 1
0.975909 1
0.982175 1
0.993383 1
0.977718 1
0.978304 1
0.984142 1
0.993328 1
0.974746 1
0.977439 1
0.987994 1
0.995413 1
0.982142 1
0.98568 1
0.989473 1
0.996631 1
0.983409 1
0.989019 1
0.987275 1
0.99733 1
0.989356 1
0.991014 1
0.981736 1
0.99526 1
1 1
1 1
1 1
1 1
0.939141 1
0.945763 1
0.960595 1
0.985446 1
0.95265 1
0.962837 1
0.972019 1
0.987031 1
0.956666 1
0.964634 1
0.978773 1
0.988511 1
0.966916 1
0.973377 1
0.982416 1
0.992522 1
0.970676 1
0.979851 1
0.989917 1
0.986863 1
0.982085 1
0.985925 1
0.994279 1
1 1
1 1
1 1
1 1
1 1
1 1
1 1
1 1
1 1
1 1
1 1
1 1
1 1
1 1
1 1
1 1
1 1
1 1
1 1
1 1
1 1
1 1
1 1
1 1
1 1
1 1
1 1
1 1
1 1
1 1
1 1
1 1
1 1
1 1
1 1
1 1
1 1
1 1
1 1
1 1
1 1
1 1
1 1
1 1
1 1
1 1
1 1
1 1
1 1
1 1
1 1
1 1
1 1
1 1
1 1
1 1
1 1
1 1
1 1
1 1
1 1
1 1
1 1
1 1
1 1
1 1
1 1
1 1
1 1
1 1
1 1
1 1
1 1
1 1
1 1
1 1
1 1
1 1
1 1
1 1
1 1
1 1
1 1
1 1
1 1
1 1
1 1
1 1
1 1
1 1
1 1
1 1
1 1
1 1
1 1
1 1
1 1
0.993426 1
0.986745 1
0.991528 1
1 1
0.99067 1
0.985183 1
0.990707 1
0.992973 1
0.996126 1
0.994066 1
0.986422 1
0.991573 1
0.994899 1
0.99315 1
0.991227 1
0.99557 1
0.99608 1
0.99657 1
0.996573 1
0.997015 1
0.996976 1
0.995812 1
0.997281 1
0.998804 1
1 1
1 1
1 1
1 1
1 1
1 1
1 1
1 1
1 1
1 1
1 1
1 1
1 1
1 1
1 1
1 1
0.968919 1
0.968552 1
0.981136 1
0.99006 1
0.979469 1
0.977225 1
0.976723 1
0.988001 1
0.981969 1
0.979108 1
0.982577 1
0.99081 1
0.985409 1
0.990317 1
0.991124 1
0.993136 1
0.991857 1
0.991343 1
0.990596 1
0.992043 1
0.99192 1
0.994566 1
0.995584 1
0.997433 1
0.994786 1
0.99682 1
0.995103 1
0.996109 1
0.996199 1
0.997003 1
0.996832 1
0.998444 1
1 1
1 1
1 1
1 1
0.964048 1
0.962781 1
0.956924 1
0.96217 1
0.966564 1
0.962195 1
0.970709 1
0.980034 1
0.96828 1
0.967657 1
0.974935 1
0.988121 1
0.974159 1
0.976559 1
0.977338 1
0.988057 1
0.983868 1
0.979212 1
0.983729 1
0.991605 1
0.983793 1
0.980103 1
0.987811 1
0.992305 1
0.989289 1
0.987109 1
0.988428 1
0.995218 1
0.990522 1
0.990414 1
0.990041 1
0.996216 1
0.994976 1
0.991133 1
0.995091 1
0.996606 1
0.993822 1
0.997494 1
0.995315 1
0.996461 1
0.999429 1
0.996706 1
0.997284 1
0.998089 1
0.939122 1
0.938862 1
0.953579 1
0.97862 1
0.949326 1
0.951105 1
0.960549 1
0.982571 1
0.960749 1
0.964092 1
0.970331 1
0.985897 1
0.969492 1
0.969735 1
0.972287 1
0.987611 1
0.975707 1
0.972465 1
0.978296 1
0.990692 1
0.978257 1
0.98225 1
0.978435 1
0.990303 1
0.979889 1
0.981888 1
0.979997 1
0.992751 1
0.984652 1
0.980433 1
0.984976 1
0.993741 1
0.99384 1
0.98834 1
0.984889 1
0.99807 1
0.990058 1
0.992839 1
0.992004 1
0.991009 1
0.997105 1
0.990636 1
0.995445 1
1 1
1 1
1 1
1 1
1 1
0.937414 1
0.946126 1
0.963365 1
0.979833 1
0.950204 1
0.954775 1
0.969894 1
0.985746 1
0.958133 1
0.965185 1
0.979403 1
0.990328 1
0.966768 1
0.974385 1
0.986578 1
0.995917 1
0.97061 1
0.95847 1
0.987323 1
0.984597 1
0.980782 1
0.991541 1
1 1
0.993328 1
1 1
1 1
1 1
1 1
1 1
1 1
1 1
1 1
1 1
1 1
1 1
1 1
1 1
1 1
1 1
1 1
1 1
1 1
1 1
1 1
1 1
1 1
1 1
1 1
1 1
1 1
1 1
1 1
1 1
1 1
1 1
1 1
1 1
1 1
1 1
1 1
1 1
1 1
1 1
1 1
1 1
1 1
1 1
1 1
1 1
1 1
1 1
1 1
1 1
1 1
1 1
1 1
1 1
1 1
1 1
1 1
1 1
1 1
1 1
1 1
1 1
1 1
1 1
1 1
1 1
1 1
1 1
1 1
1 1
1 1
1 1
1 1
1 1
1 1
1 1
1 1
1 1
1 1
1 1
1 1
1 1
1 1
1 1
1 1
1 1
1 1
1 1
1 1
1 1
1 1
1 1
1 1
1 1
1 1
1 1
1 1
1 1
0.971495 1
0.987465 1
0.988044 1
0.994408 1
0.993398 1
0.988944 1
0.996604 1
0.989494 1
0.992601 1
0.996769 1
0.994999 1
0.997856 1
0.996792 1
0.994284 1
0.99888 1
0.996156 1
0.99688 1
0.996167 1
0.996749 1
0.997325 1
0.99915 1
0.998945 1
0.999023 1
1 1
1 1
1 1
1 1
1 1
1 1
1 1
1 1
1 1
1 1
1 1
1 1
1 1
1 1
1 1
1 1
0.984359 1
0.988362 1
0.974944 1
0.988868 1
0.981783 1
0.98447 1
0.984903 1
0.993171 1
0.985994 1
0.984979 1
0.988543 1
0.98866 1
0.992096 1
0.994028 1
0.994812 1
0.996721 1
0.99619 1
0.993674 1
0.994433 1
0.996804 1
0.99542 1
0.996149 1
0.996109 1
0.995432 1
0.995963 1
0.998891 1
0.992991 1
0.9991 1
1 1
1 1
0.995676 1
0.999199 1
1 1
1 1
1 1
1 1
0.953333 1
0.971788 1
0.955093 1
1 1
0.973071 1
0.973427 1
0.96391 1
0.987665 1
0.97737 1
0.971158 1
0.976257 1
0.984575 1
0.977421 1
0.977548 1
0.977063 1
0.991205 1
0.981678 1
0.982024 1
0.979355 1
0.993575 1
0.988092 1
0.989624 1
0.991106 1
0.991794 1
0.985899 1
0.989992 1
0.988422 1
0.996407 1
0.989194 1
0.992883 1
0.994116 1
0.998475 1
0.993024 1
0.996674 1
0.996687 1
1 1
1 1
1 1
0.995693 1
0.997411 1
1 1
1 1
0.99915 1
0.998018 1
0.948541 1
0.948221 1
0.952786 1
0.981121 1
0.959066 1
0.958214 1
0.966274 1
0.984404 1
0.962147 1
0.96476 1
0.970443 1
0.984923 1
0.973272 1
0.975033 1
0.977745 1
0.990086 1
0.983103 1
0.974528 1
0.979182 1
0.991458 1
0.987752 1
0.985372 1
0.984127 1
0.993453 1
0.985904 1
0.987191 1
0.991231 1
0.991722 1
0.992691 1
0.992249 1
0.983088 1
0.992364 1
0.990027 1
0.990864 1
0.99441 1
0.995944 1
0.993615 1
1 1
1 1
0.996115 1
1 1
0.994529 1
1 1
0.994493 1
1 1
1 1
1 1
1 1
0.945584 1
0.948229 1
0.959191 1
0.980999 1
0.958221 1
0.961703 1
0.972365 1
0.98754 1
0.966169 1
0.969638 1
0.973884 1
0.991907 1
0.968986 1
0.97501 1
0.974502 1
0.988842 1
0.977598 1
0.972956 1
0.979755 1
0.985849 1
0.980728 1
1 1
1 1
1 1
1 1
1 1
1 1
1 1
1 1
1 1
1 1
1 1
1 1
1 1
1 1
1 1
1 1
1 1
1 1
1 1
1 1
1 1
1 1
1 1
1 1
1 1
1 1
1 1
1 1
1 1
1 1
1 1
1 1
1 1
1 1
1 1
1 1
1 1
1 1
1 1
1 1
1 1
1 1
1 1
1 1
1 1
1 1
1 1
1 1
1 1
1 1
1 1
1 1
1 1
1 1
1 1
1 1
1 1
1 1
1 1
1 1
1 1
1 1
1 1
1 1
1 1
1 1
1 1
1 1
1 1
1 1
1 1
1 1
1 1
1 1
1 1
1 1
1 1
1 1
1 1
1 1
1 1
1 1
1 1
1 1
1 1
1 1
1 1
1 1
1 1
1 1
1 1
1 1
1 1
1 1
1 1
1 1
1 1
1 1
1 1
1 1
0.980398 1
1 1
1 1
0.983005 1
0.977617 1
0.983618 1
0.99652 1
0.997183 1
0.996906 1
0.993966 1
0.994614 1
1 1
0.99829 1
0.998531 1
0.998358 1
0.998122 1
0.996499 1
1 1
0.998755 1
0.997514 1
0.997648 1
0.997124 1
0.99714 1
1 1
1 1
1 1
1 1
1 1
1 1
1 1
1 1
1 1
1 1
1 1
1 1
1 1
1 1
1 1
1 1
0.982003 1
0.981897 1
0.990059 1
0.989147 1
0.986344 1
0.990841 1
0.986076 1
0.99278 1
0.992405 1
0.996721 1
0.995915 1
0.993901 1
0.993267 1
0.994185 1
0.993069 1
0.99308 1
0.99701 1
0.985742 1
0.998846 1
0.996691 1
0.991627 1
0.990794 1
0.991414 1
0.996334 1
0.995864 1
0.994602 1
1 1
1 1
1 1
1 1
1 1
1 1
1 1
1 1
1 1
1 1
0.940463 1
0.965099 1
1 1
1 1
0.972486 1
0.980528 1
0.968232 1
0.983596 1
0.97142 1
0.969735 1
0.986499 1
0.986877 1
0.97922 1
0.983657 1
0.983503 1
0.991441 1
0.982078 1
0.989415 1
0.987538 1
0.989555 1
0.981044 1
0.991813 1
0.986422 1
0.996644 1
0.997171 1
0.992737 1
0.99379 1
0.996789 1
0.993666 1
0.993362 1
0.990066 1
0.994677 1
0.994972 1
0.997861 1
0.99796 1
0.998266 1
1 1
0.997435 1
0.993938 1
0.994833 1
1 1
1 1
1 1
0.995733 1
0.944693 1
0.947204 1
0.953212 1
0.979276 1
0.967667 1
0.962822 1
0.966378 1
0.97891 1
0.969886 1
0.973855 1
0.975127 1
0.984089 1
0.981233 1
0.976705 1
0.980768 1
0.990073 1
0.98264 1
0.978064 1
0.981508 1
0.990139 1
0.983616 1
0.985901 1
0.979028 1
0.991658 1
0.987583 1
0.993296 1
0.992436 1
0.987694 1
0.996224 1
0.991972 1
0.997862 1
0.994714 1
0.99728 1
0.987682 1
1 1
0.996901 1
0.994707 1
0.986142 1
0.994171 1
0.984608 1
1 1
1 1
1 1
1 1
1 1
1 1
0.891995 1
1 1
0.946908 1
0.950915 1
0.962768 1
0.979307 1
0.965846 1
0.963586 1
0.964435 1
0.985907 1
0.959887 1
0.965631 1
0.977723 1
0.980136 1
0.979741 1
0.982603 1
0.978184 1
0.983305 1
0.967795 1
0.961477 1
0.971518 1
0.996238 1
0.862981 1
0.974319 1
0.913221 1
0.967223 1
1 1
1 1
1 1
1 1
1 1
1 1
1 1
1 1
1 1
1 1
1 1
1 1
1 1
1 1
1 1
1 1
1 1
1 1
1 1
1 1
1 1
1 1
1 1
1 1
1 1
1 1
1 1
1 1
1 1
1 1
1 1
1 1
1 1
1 1
1 1
1 1
1 1
1 1
1 1
1 1
1 1
1 1
1 1
1 1
1 1
1 1
1 1
1 1
1 1
1 1
1 1
1 1
1 1
1 1
1 1
1 1
1 1
1 1
1 1
1 1
1 1
1 1
1 1
1 1
1 1
1 1
1 1
1 1
1 1
1 1
1 1
1 1
1 1
1 1
1 1
1 1
1 1
1 1
1 1
1 1
1 1
1 1
1 1
1 1
1 1
1 1
1 1
1 1
1 1
1 1
1 1
1 1
1 1
1 1
1 1
1 1
1 1
1 1
1 1
1 1
1 1
0.994668 1
0.97905 1
0.994756 1
0.993428 1
0.989888 1
0.996317 1
0.997127 1
0.996293 1
0.994877 1
0.995082 1
1 1
0.987715 1
1 1
0.997667 1
1 1
1 1
1 1
1 1
0.997002 1
1 1
1 1
1 1
1 1
1 1
1 1
1 1
1 1
1 1
1 1
1 1
1 1
1 1
1 1
1 1
1 1
1 1
0.990173 1
0.989613 1
0.991338 1
0.985006 1
0.981021 1
0.983841 1
0.991217 1
0.986834 1
0.986295 1
0.989931 1
0.994322 1
0.987526 1
0.99624 1
0.990086 1
0.998831 1
0.991046 1
1 1
0.998366 1
0.992778 1
0.997527 1
0.995642 1
0.98916 1
0.997965 1
0.996156 1
1 1
0.991921 1
1 1
1 1
1 1
0.997903 1
1 1
1 1
1 1
1 1
1 1
0.964912 1
0.989196 1
1 1
0.987786 1
0.97114 1
0.975077 1
0.977118 1
0.985216 1
0.981303 1
0.981916 1
0.980137 1
0.988647 1
0.98798 1
0.983566 1
0.986317 1
0.991196 1
0.991221 1
0.988823 1
0.990827 1
0.992686 1
0.991992 1
0.99257 1
0.993499 1
0.989715 1
0.988961 1
0.991924 1
0.986612 1
0.996468 1
0.992484 1
0.995459 1
0.995464 1
0.993992 1
0.993116 1
0.998402 1
0.997153 1
0.998476 1
1 1
0.997484 1
1 1
0.998083 1
1 1
0.993913 1
1 1
1 1
0.965631 1
0.959838 1
0.956891 1
0.972787 1
0.970388 1
0.965793 1
0.968124 1
0.981713 1
0.98028 1
0.975576 1
0.976215 1
0.99006 1
0.976838 1
0.983346 1
0.978789 1
0.990753 1
0.982355 1
0.988723 1
0.98653 1
0.993519 1
0.986905 1
0.989698 1
0.98925 1
0.991132 1
0.994206 1
0.995748 1
0.993356 1
0.996905 1
0.99084 1
0.993665 1
0.995202 1
0.998738 1
0.990118 1
0.997982 1
0.995142 1
1 1
1 1
1 1
0.995162 1
0.994973 1
1 1
0.988529 1
1 1
1 1
1 1
1 1
1 1
1 1
0.955276 1
0.956317 1
0.959595 1
0.987209 1
0.962761 1
0.957592 1
0.976283 1
0.983338 1
0.969822 1
0.974024 1
0.97471 1
0.989077 1
0.973171 1
0.97908 1
0.977987 1
0.989229 1
0.97942 1
0.98566 1
0.983775 1
0.984172 1
1 1
1 1
0.97876 1
1 1
1 1
1 1
1 1
1 1
1 1
1 1
1 1
1 1
1 1
1 1
1 1
1 1
1 1
1 1
1 1
1 1
1 1
1 1
1 1
1 1
1 1
1 1
1 1
1 1
1 1
1 1
1 1
1 1
1 1
1 1
1 1
1 1
1 1
1 1
1 1
1 1
1 1
1 1
1 1
1 1
1 1
1 1
1 1
1 1
1 1
1 1
1 1
1 1
1 1
1 1
1 1
1 1
1 1
1 1
1 1
1 1
1 1
1 1
1 1
1 1
1 1
1 1
1 1
1 1
1 1
1 1
1 1
1 1
1 1
1 1
1 1
1 1
