1 1
1 1
1 1
1 1
1 1
1 1
1 1
1 1
1 1
1 1
1 1
1 1
1 1
1 1
1 1
1 1
1 1
1 1
1 1
1 1
1 1
1 1
1 1
1 1
1 1
1 1
1 1
1 1
1 1
1 1
1 1
1 1
1 1
1 1
1 1
1 1
0.948068 1
0.960101 1
0.967252 1
0.971269 1
0.97611 1
0.979528 1
0.979289 1
0.984188 1
0.981814 1
0.980519 1
1 1
1 1
0.958483 1
0.96789 1
0.974528 1
0.978136 1
0.978815 1
0.9709 1
1 1
1 1
1 1
1 1
1 1
1 1
1 1
1 1
1 1
1 1
1 1
1 1
1 1
1 1
1 1
1 1
1 1
1 1
1 1
1 1
1 1
1 1
1 1
1 1
1 1
1 1
1 1
1 1
1 1
1 1
1 1
1 1
1 1
1 1
0.961945 1
0.964526 1
0.972219 1
0.972092 1
0.985409 1
0.98202 1
0.991837 1
0.996149 1
1 1
0.954387 1
0.957029 1
0.963439 1
0.967219 1
0.972086 1
0.974536 1
0.979238 1
0.983328 1
0.98589 1
0.990061 1
0.994164 1
0.94528 1
0.955384 1
0.963201 1
0.970067 1
0.975461 1
0.977967 1
0.981488 1
0.981443 1
0.984734 1
0.985164 1
0.990486 1
0.992999 1
0.953924 1
0.96411 1
0.97155 1
0.976186 1
0.976126 1
0.981769 1
1 1
1 1
1 1
1 1
1 1
1 1
1 1
1 1
1 1
1 1
1 1
1 1
1 1
1 1
1 1
1 1
1 1
1 1
1 1
1 1
1 1
1 1
1 1
1 1
0.976057 1
0.979611 1
0.982577 1
0.988688 1
0.990913 1
0.995488 1
1 1
1 1
1 1
1 1
0.963911 1
0.968932 1
0.973865 1
0.977432 1
0.9827 1
0.988676 1
0.992833 1
0.995403 1
1 1
0.950655 1
0.956326 1
0.962267 1
0.967805 1
0.972388 1
0.978412 1
0.98101 1
0.98411 1
0.985627 1
0.989931 1
0.996105 1
0.940034 1
0.950224 1
0.961262 1
0.965687 1
0.971519 1
0.975089 1
0.979107 1
0.980997 1
0.980465 1
0.984273 1
0.992929 1
1 1
0.951937 1
0.963563 1
0.972269 1
0.974664 1
0.973751 1
0.980307 1
1 1
1 1
1 1
1 1
1 1
1 1
1 1
1 1
1 1
1 1
1 1
1 1
1 1
1 1
1 1
1 1
1 1
1 1
1 1
1 1
1 1
1 1
1 1
1 1
0.980088 1
0.979723 1
0.987812 1
0.989683 1
0.990802 1
0.994434 1
1 1
1 1
1 1
1 1
0.966686 1
0.967214 1
0.972295 1
0.978565 1
0.982447 1
0.986736 1
0.991748 1
0.994148 1
1 1
0.948635 1
0.958002 1
0.964379 1
0.96881 1
0.970868 1
0.974619 1
0.983471 1
0.984302 1
0.986535 1
0.990107 1
0.995112 1
0.939711 1
0.949773 1
0.95887 1
0.965663 1
0.972012 1
0.973383 1
0.977818 1
0.979082 1
0.986124 1
0.988389 1
0.987343 1
0.989676 1
0.952382 1
0.963253 1
0.969719 1
0.975104 1
0.978777 1
0.991085 1
1 1
1 1
1 1
1 1
1 1
1 1
1 1
1 1
1 1
1 1
1 1
1 1
1 1
1 1
1 1
1 1
1 1
1 1
1 1
1 1
1 1
1 1
1 1
1 1
0.985166 1
0.981957 1
0.98516 1
0.988756 1
0.991813 1
0.994009 1
1 1
1 1
1 1
1 1
0.96355 1
0.970095 1
0.972904 1
0.978808 1
0.987443 1
0.990289 1
0.992792 1
0.994672 1
1 1
0.94783 1
0.959145 1
0.96317 1
0.969824 1
0.973027 1
0.97782 1
0.981917 1
0.984884 1
0.988805 1
0.992438 1
0.993707 1
0.940729 1
0.949928 1
0.959081 1
0.963994 1
0.969993 1
0.976 1
0.976784 1
0.981009 1
0.979265 1
0.986772 1
0.992517 1
0.993206 1
0.9495 1
0.961332 1
0.968662 1
0.974723 1
0.973929 1
0.973392 1
1 1
1 1
1 1
1 1
1 1
1 1
1 1
1 1
1 1
1 1
1 1
1 1
1 1
1 1
1 1
1 1
1 1
1 1
1 1
1 1
1 1
1 1
1 1
1 1
0.979549 1
0.981747 1
0.985379 1
0.988408 1
0.992069 1
0.994035 1
1 1
1 1
1 1
1 1
0.96767 1
0.973651 1
0.97647 1
0.981851 1
0.987181 1
0.992818 1
0.993882 1
0.996165 1
1 1
0.942017 1
0.959886 1
0.965497 1
0.97027 1
0.9773 1
0.981142 1
0.98334 1
0.98694 1
0.989662 1
0.99291 1
0.992792 1
0.943554 1
0.951437 1
0.959937 1
0.968135 1
0.972942 1
0.977265 1
0.976979 1
0.983118 1
0.987495 1
0.99002 1
0.991694 1
1 1
0.950425 1
0.958662 1
0.965465 1
0.973621 1
0.977686 1
0.982829 1
1 1
1 1
1 1
1 1
1 1
1 1
1 1
1 1
1 1
1 1
1 1
1 1
1 1
1 1
1 1
1 1
1 1
1 1
1 1
1 1
1 1
1 1
1 1
1 1
0.970283 1
0.985056 1
0.988586 1
0.990715 1
0.994691 1
0.997184 1
1 1
1 1
1 1
1 1
0.971592 1
0.98157 1
0.987009 1
0.987309 1
0.990293 1
0.995728 1
0.995512 1
0.998571 1
1 1
0.963298 1
0.965036 1
0.968551 1
0.973031 1
0.979198 1
0.982674 1
0.987825 1
0.988168 1
0.993334 1
0.995306 1
0.993366 1
0.943162 1
0.952624 1
0.95989 1
0.967017 1
0.971535 1
0.977874 1
0.97869 1
0.979047 1
0.990201 1
0.991878 1
0.993933 1
1 1
0.945525 1
0.960286 1
0.967109 1
0.969502 1
0.986363 1
0.986965 1
1 1
1 1
1 1
1 1
1 1
1 1
1 1
1 1
1 1
1 1
1 1
1 1
1 1
1 1
1 1
1 1
1 1
1 1
1 1
1 1
1 1
1 1
1 1
1 1
0.962227 1
0.985884 1
0.98393 1
0.997163 1
0.988917 1
0.99434 1
1 1
1 1
1 1
1 1
0.976005 1
0.978176 1
0.982649 1
0.988934 1
0.988783 1
0.990765 1
0.997824 1
0.998092 1
1 1
0.96936 1
0.965009 1
0.968295 1
0.97339 1
0.977781 1
0.978379 1
0.985429 1
0.988714 1
0.99296 1
0.994793 1
0.995789 1
0.952399 1
0.957081 1
0.969214 1
0.972609 1
0.977449 1
0.977455 1
0.986461 1
0.986947 1
0.987569 1
0.990813 1
1 1
1 1
0.946052 1
0.955996 1
0.963439 1
0.966504 1
0.969372 1
0.951846 1
1 1
1 1
1 1
1 1
1 1
1 1
1 1
1 1
1 1
1 1
1 1
1 1
1 1
1 1
1 1
1 1
1 1
1 1
1 1
1 1
1 1
1 1
1 1
1 1
1 1
0.981151 1
0.994862 1
0.997012 1
0.992285 1
0.992598 1
1 1
1 1
1 1
1 1
0.979442 1
0.981717 1
0.981848 1
0.989048 1
0.988766 1
0.993109 1
0.995744 1
0.995609 1
1 1
0.970126 1
0.971824 1
0.973505 1
0.977076 1
0.981733 1
0.985386 1
0.985895 1
0.990661 1
0.989192 1
0.996836 1
0.998963 1
0.953985 1
0.964791 1
0.969239 1
0.976928 1
0.982303 1
0.984024 1
0.989002 1
0.986382 1
0.991769 1
0.988828 1
1 1
1 1
0.950115 1
0.962722 1
0.969143 1
0.971946 1
0.987866 1
1 1
1 1
1 1
1 1
1 1
1 1
1 1
1 1
1 1
1 1
1 1
1 1
1 1
1 1
1 1
1 1
1 1
1 1
1 1
1 1
1 1
1 1
1 1
1 1
1 1
1 1
1 1
1 1
1 1
1 1
1 1
1 1
1 1
1 1
1 1
1 1
1 1
1 1
1 1
1 1
1 1
1 1
1 1
1 1
1 1
1 1
1 1
1 1
1 1
1 1
1 1
1 1
1 1
1 1
1 1
0.956341 1
0.965359 1
0.971468 1
0.975614 1
0.978205 1
0.983759 1
0.983146 1
0.99024 1
0.991487 1
0.977901 1
1 1
1 1
0.963592 1
0.971179 1
0.978283 1
0.980809 1
0.983427 1
0.987385 1
1 1
1 1
1 1
1 1
1 1
1 1
1 1
1 1
1 1
1 1
1 1
1 1
1 1
1 1
1 1
1 1
1 1
1 1
1 1
1 1
1 1
1 1
1 1
1 1
1 1
1 1
1 1
1 1
1 1
1 1
1 1
1 1
1 1
1 1
0.967091 1
0.974112 1
0.983593 1
0.989013 1
0.989647 1
0.992477 1
0.997221 1
0.996296 1
1 1
0.962049 1
0.965595 1
0.970688 1
0.972805 1
0.977785 1
0.980175 1
0.983706 1
0.985546 1
0.988852 1
0.990672 1
0.996096 1
0.952592 1
0.961743 1
0.969306 1
0.975193 1
0.977729 1
0.981841 1
0.982897 1
0.984995 1
0.987489 1
0.989093 1
0.992102 1
0.990656 1
0.960157 1
0.968464 1
0.975507 1
0.978362 1
0.980184 1
0.990361 1
1 1
1 1
1 1
1 1
1 1
1 1
1 1
1 1
1 1
1 1
1 1
1 1
1 1
1 1
1 1
1 1
1 1
1 1
1 1
1 1
1 1
1 1
1 1
1 1
0.981729 1
0.988531 1
0.988295 1
0.994245 1
0.995142 1
0.996353 1
1 1
1 1
1 1
1 1
0.969005 1
0.975649 1
0.980678 1
0.984799 1
0.98873 1
0.993153 1
0.995575 1
0.996575 1
1 1
0.959231 1
0.966542 1
0.970471 1
0.973423 1
0.979851 1
0.98264 1
0.984224 1
0.987992 1
0.990398 1
0.990185 1
0.995267 1
0.947149 1
0.957689 1
0.965821 1
0.972454 1
0.976837 1
0.980689 1
0.982255 1
0.983863 1
0.985876 1
0.99074 1
0.989944 1
0.995813 1
0.961183 1
0.968729 1
0.976194 1
0.978923 1
0.98205 1
0.98329 1
1 1
1 1
1 1
1 1
1 1
1 1
1 1
1 1
1 1
1 1
1 1
1 1
1 1
1 1
1 1
1 1
1 1
1 1
1 1
1 1
1 1
1 1
1 1
1 1
0.973645 1
0.983285 1
0.990012 1
0.994071 1
0.995481 1
0.997151 1
1 1
1 1
1 1
1 1
0.971127 1
0.977763 1
0.981836 1
0.984785 1
0.990105 1
0.993383 1
0.995574 1
0.997235 1
1 1
0.953146 1
0.966352 1
0.971966 1
0.976451 1
0.979252 1
0.982883 1
0.984446 1
0.988675 1
0.991848 1
0.992653 1
0.996998 1
0.949142 1
0.956326 1
0.965775 1
0.970834 1
0.974693 1
0.977579 1
0.981105 1
0.985397 1
0.988808 1
0.991665 1
0.988439 1
1 1
0.959204 1
0.967787 1
0.973626 1
0.982134 1
0.981807 1
0.96825 1
1 1
1 1
1 1
1 1
1 1
1 1
1 1
1 1
1 1
1 1
1 1
1 1
1 1
1 1
1 1
1 1
1 1
1 1
1 1
1 1
1 1
1 1
1 1
1 1
0.983548 1
0.986868 1
0.990377 1
0.994609 1
0.995205 1
0.997958 1
1 1
1 1
1 1
1 1
0.977573 1
0.978135 1
0.982059 1
0.985947 1
0.990759 1
0.992351 1
0.994011 1
0.99624 1
1 1
0.95803 1
0.964455 1
0.972952 1
0.975548 1
0.981429 1
0.983729 1
0.987064 1
0.989641 1
0.990842 1
0.993948 1
0.996807 1
0.951503 1
0.958868 1
0.966046 1
0.973035 1
0.976599 1
0.982002 1
0.983667 1
0.984213 1
0.988848 1
0.989362 1
0.989708 1
1 1
0.957784 1
0.968745 1
0.972366 1
0.979035 1
0.981991 1
0.990837 1
1 1
1 1
1 1
1 1
1 1
1 1
1 1
1 1
1 1
1 1
1 1
1 1
1 1
1 1
1 1
1 1
1 1
1 1
1 1
1 1
1 1
1 1
1 1
1 1
0.992751 1
0.989908 1
0.991941 1
0.993703 1
0.99658 1
0.997253 1
1 1
1 1
1 1
1 1
0.977375 1
0.980517 1
0.983743 1
0.990098 1
0.991457 1
0.994965 1
0.99571 1
0.997158 1
1 1
0.9615 1
0.970077 1
0.974991 1
0.979181 1
0.984689 1
0.986185 1
0.99009 1
0.991895 1
0.994499 1
0.995812 1
0.997873 1
0.952505 1
0.961199 1
0.970549 1
0.974941 1
0.97943 1
0.982422 1
0.983821 1
0.986125 1
0.991491 1
0.991496 1
0.99599 1
1 1
0.956818 1
0.965206 1
0.973423 1
0.981026 1
0.975421 1
0.992081 1
1 1
1 1
1 1
1 1
1 1
1 1
1 1
1 1
1 1
1 1
1 1
1 1
1 1
1 1
1 1
1 1
1 1
1 1
1 1
1 1
1 1
1 1
1 1
1 1
0.986747 1
0.993267 1
0.993683 1
0.996921 1
0.996501 1
0.998687 1
1 1
1 1
1 1
1 1
0.983996 1
0.98638 1
0.987123 1
0.994505 1
0.995285 1
0.995781 1
0.9968 1
0.998644 1
1 1
0.971093 1
0.974804 1
0.977494 1
0.981073 1
0.984374 1
0.990251 1
0.99042 1
0.993948 1
0.996706 1
0.998209 1
0.999242 1
0.957528 1
0.967076 1
0.970717 1
0.979058 1
0.982015 1
0.987676 1
0.989082 1
0.990204 1
0.99283 1
0.997437 1
0.997175 1
1 1
0.95866 1
0.970127 1
0.97573 1
0.976987 1
0.979113 1
0.995762 1
1 1
1 1
1 1
1 1
1 1
1 1
1 1
1 1
1 1
1 1
1 1
1 1
1 1
1 1
1 1
1 1
1 1
1 1
1 1
1 1
1 1
1 1
1 1
1 1
0.99343 1
0.985446 1
0.995498 1
0.99869 1
0.998386 1
0.99733 1
1 1
1 1
1 1
1 1
0.986056 1
0.989168 1
0.994842 1
0.993394 1
0.994515 1
0.992682 1
0.997893 1
1 1
1 1
0.978783 1
0.976092 1
0.978957 1
0.984626 1
0.987233 1
0.989214 1
0.995069 1
0.992978 1
0.997297 1
0.996527 1
0.998867 1
0.956331 1
0.968952 1
0.975825 1
0.982155 1
0.983237 1
0.985046 1
0.990229 1
0.99515 1
0.995307 1
0.989865 1
1 1
0.974941 1
0.960322 1
0.970134 1
0.971253 1
0.980973 1
0.974326 1
0.94292 1
1 1
1 1
1 1
1 1
1 1
1 1
1 1
1 1
1 1
1 1
1 1
1 1
1 1
1 1
1 1
1 1
1 1
1 1
1 1
1 1
1 1
1 1
1 1
1 1
1 1
0.991636 1
0.994465 1
0.996719 1
0.997239 1
0.99909 1
1 1
1 1
1 1
1 1
0.992413 1
0.985384 1
0.989592 1
0.993587 1
0.995785 1
0.994976 1
0.997141 1
0.999466 1
1 1
0.9859 1
0.977379 1
0.983053 1
0.987262 1
0.990891 1
0.991967 1
0.991041 1
0.994385 1
0.996966 1
0.998941 1
0.998357 1
0.963712 1
0.971521 1
0.980547 1
0.982694 1
0.987982 1
0.989326 1
0.995081 1
0.99476 1
0.996152 1
0.997534 1
0.997523 1
1 1
0.9654 1
0.970428 1
0.977321 1
0.980135 1
0.98339 1
0.992909 1
1 1
1 1
1 1
1 1
1 1
1 1
1 1
1 1
1 1
1 1
1 1
1 1
1 1
1 1
1 1
1 1
1 1
1 1
