0	0	6.46625e-08	2.37031e-10	6.70045e-06	-3.78265e-11	5.78826e-08	7.01175e-11	7.466e-08	1.20184e-10	7.05601e-06	-1.85838e-11	6.92028e-08	5.32653e-11	1.5499e-05	1.23665e-05	0.00023884	4.03647e-06	-5.64707e-06	4.08927e-06	1.5499e-05	1.23665e-05	0.00023884	4.03647e-06	-5.64707e-06	4.08927e-06	0.00103232	8.96411e-05	0.000124626	5.488e-06	7.47792e-05	5.50365e-06	0.000629055	0.000103142	8.21387e-05	-8.47268e-06	5.47426e-05	8.56412e-06
0	1	1.39611e-07	8.17492e-10	1.10943e-05	-1.5045e-10	1.24971e-07	2.77376e-10	1.98428e-07	8.99654e-10	1.3199e-05	2.95024e-11	-1.87646e-07	-1.83356e-10	2.62576e-06	2.85629e-06	0.000360064	-8.0335e-07	1.75983e-06	1.87719e-06	2.62576e-06	2.85629e-06	0.000360064	-8.0335e-07	1.75983e-06	1.87719e-06	0.000638412	0.000283118	0.000104822	-1.63919e-05	5.2571e-05	2.32729e-05	0.000348698	0.000157857	5.59348e-05	-7.93515e-06	2.69223e-05	1.20001e-05
1	0	3.32882e-08	1.09424e-10	3.34466e-06	-1.48612e-11	2.89358e-08	3.84099e-11	3.95753e-08	1.40141e-10	3.78896e-06	-1.75287e-11	-3.50075e-08	-4.10576e-11	1.4021e-06	1.32165e-06	9.12492e-05	-4.19222e-07	7.79965e-07	7.09852e-07	1.4021e-06	1.32165e-06	9.12492e-05	-4.19222e-07	7.79965e-07	7.09852e-07	0.000329951	6.25535e-05	7.28554e-05	5.87624e-06	3.96909e-05	-6.78102e-06	0.00024235	3.82773e-05	3.50025e-05	-1.73116e-06	1.65299e-05	3.1694e-06
1	1	8.61361e-08	7.63484e-10	7.24332e-06	-2.72615e-10	7.21249e-08	3.10688e-10	7.30857e-08	6.56057e-10	7.63265e-06	2.66664e-10	6.96858e-08	-3.27851e-10	2.39407e-09	7.33345e-07	0.000209579	-9.09367e-09	2.78437e-08	9.55346e-07	2.39407e-09	7.33345e-07	0.000209579	-9.09367e-09	2.78437e-08	9.55346e-07	0.000308867	0.000142121	3.37037e-05	3.20159e-06	-1.68543e-05	7.85798e-06	0.00013865	8.53087e-05	1.84345e-05	-3.25041e-06	7.98129e-06	5.26685e-06
2	0	2.82655e-08	1.80256e-10	3.78944e-06	-5.07777e-11	2.79272e-08	6.44176e-11	2.2451e-08	1.36204e-10	3.71846e-06	-5.08805e-12	2.31053e-08	7.39036e-13	6.91713e-07	6.43478e-07	7.85337e-05	-2.14699e-07	4.10419e-07	3.75545e-07	6.91713e-07	6.43478e-07	7.85337e-05	-2.14699e-07	4.10419e-07	3.75545e-07	0.000264765	9.62935e-05	5.75699e-05	8.47717e-06	-2.95991e-05	1.0153e-05	0.000183148	4.68579e-05	3.96055e-05	3.90753e-06	2.09206e-05	-4.95804e-06
2	1	1.87454e-07	1.08562e-09	1.38064e-05	-3.3767e-10	1.64903e-07	4.1693e-10	1.36941e-07	9.23996e-10	1.36359e-05	-2.66736e-10	1.44595e-07	4.71637e-10	9.17437e-07	2.3333e-06	0.000288459	-2.57489e-07	3.57789e-07	-1.77505e-06	9.17437e-07	2.3333e-06	0.000288459	-2.57489e-07	3.57789e-07	-1.77505e-06	0.000419845	0.000219965	6.23097e-05	1.12947e-05	8.458e-06	-1.75051e-05	0.000176912	7.73546e-05	1.921e-05	-3.32387e-06	1.06778e-05	4.61017e-06
3	0	2.29951e-08	8.45858e-11	3.95062e-06	-9.54812e-12	2.34201e-08	2.55516e-11	2.2297e-08	1.13778e-10	4.37384e-06	-1.88291e-11	2.53923e-08	3.89159e-11	4.85052e-08	6.1604e-08	8.45712e-05	-1.67606e-08	9.56978e-08	1.32639e-07	4.85052e-08	6.1604e-08	8.45712e-05	-1.67606e-08	9.56978e-08	1.32639e-07	0.00031212	9.0119e-05	7.51932e-05	-7.65087e-06	3.55016e-05	9.88539e-06	0.000181639	6.3124e-05	3.9012e-05	-5.09915e-06	1.72744e-05	6.50332e-06
3	1	3.31217e-07	2.67519e-09	3.15575e-05	-2.72582e-10	3.70295e-07	6.96643e-10	3.20172e-07	3.174e-09	2.55664e-05	-1.31341e-09	3.069e-07	1.75564e-09	4.22223e-06	6.37557e-06	0.000498725	-1.48919e-06	2.92336e-06	5.15672e-06	4.22223e-06	6.37557e-06	0.000498725	-1.48919e-06	2.92336e-06	5.15672e-06	0.000334397	0.000321696	5.59252e-05	-1.0106e-05	1.4461e-05	2.05056e-05	0.000435561	0.000196942	5.79253e-05	-8.47209e-06	6.11255e-06	-1.57147e-05
4	0	1.56004e-08	7.34528e-11	3.30763e-06	1.44557e-11	1.80866e-08	-3.23966e-11	2.32214e-08	1.40085e-10	4.08996e-06	-3.0595e-11	2.62495e-08	5.09688e-11	7.84121e-08	1.21037e-07	5.63112e-05	-2.81006e-08	9.76163e-08	1.79648e-07	7.84121e-08	1.21037e-07	5.63112e-05	-2.81006e-08	9.76163e-08	1.79648e-07	0.00019082	6.34565e-05	2.71416e-05	-3.53954e-06	-1.54262e-05	-4.58712e-06	0.000129268	3.57482e-05	1.53878e-05	2.32915e-06	9.35128e-06	-2.58459e-06
4	1	2.40448e-07	9.26442e-10	3.52612e-05	-4.54598e-10	3.01659e-07	7.50883e-10	2.292e-07	1.14235e-09	3.4916e-05	-1.80182e-10	2.54097e-07	2.24114e-10	4.44901e-06	3.92846e-05	0.000605685	-4.53179e-06	1.14315e-06	1.48274e-05	4.44901e-06	3.92846e-05	0.000605685	-4.53179e-06	1.14315e-06	1.48274e-05	0.000473731	6.71656e-05	1.4092e-05	2.45483e-06	-1.39303e-05	2.02758e-06	0.000237681	0.000217772	2.94721e-05	-6.61365e-06	-1.26121e-05	-1.15969e-05
5	0	5.03588e-09	4.50053e-11	2.73496e-06	-6.88498e-12	6.86006e-09	1.32531e-11	6.68797e-09	6.08591e-11	3.40057e-06	-7.84225e-12	9.7497e-09	1.24196e-11	5.4691e-08	8.80537e-08	7.75801e-05	-2.03931e-08	9.41329e-08	1.85601e-07	5.4691e-08	8.80537e-08	7.75801e-05	-2.03931e-08	9.41329e-08	1.85601e-07	0.000168767	4.45061e-05	1.37365e-05	-1.95762e-06	8.90846e-06	2.29574e-06	9.47463e-05	2.91621e-05	5.32783e-06	-1.01021e-06	3.59637e-06	1.12534e-06
5	1	3.74258e-07	6.43109e-09	7.58976e-05	-2.64998e-09	5.33865e-07	4.14924e-09	4.02597e-08	4.08598e-10	5.78195e-05	3.87203e-10	1.41829e-07	5.1115e-11	6.93737e-16	3.46147e-14	0.00430112	-4.39491e-18	-4.81639e-15	-2.07563e-12	6.93737e-16	3.46147e-14	0.00430112	-4.39491e-18	-4.81639e-15	-2.07563e-12	0.000568564	0.000140484	3.59047e-05	3.73549e-06	2.08468e-05	-5.43138e-06	0.000264542	9.48548e-05	1.83028e-05	1.9999e-06	9.25246e-06	-3.37297e-06
6	0	1.48662e-08	1.92605e-10	4.67479e-06	-4.18575e-11	1.42368e-08	6.49794e-11	3.58124e-09	3.96965e-11	5.1605e-06	-7.75147e-12	8.18754e-09	1.83504e-11	6.67076e-08	1.45081e-07	0.000114397	-2.63768e-08	-1.00037e-07	-2.8874e-07	6.67076e-08	1.45081e-07	0.000114397	-2.63768e-08	-1.00037e-07	-2.8874e-07	0.000210694	3.80576e-05	7.22477e-06	1.15666e-06	-6.27653e-06	1.12066e-06	0.000176213	3.32409e-05	8.33234e-06	-1.16053e-06	6.50459e-06	1.22057e-06
6	1	7.59281e-19	1.04239e-20	6.38608e-06	-1.80607e-23	5.80825e-16	1.5573e-20	5.27084e-08	3.81212e-11	7.76406e-05	-1.21065e-13	1.38181e-07	4.20633e-13	8.16538e-07	3.34792e-06	0.00314243	-3.3784e-07	2.27313e-06	-3.92805e-06	8.16538e-07	3.34792e-06	0.00314243	-3.3784e-07	2.27313e-06	-3.92805e-06	0.00127946	0.000470999	5.31009e-05	-5.57112e-08	-1.93749e-05	-1.05221e-07	0.00038869	0.00017806	2.07675e-05	1.85092e-06	8.20585e-06	-3.88531e-06
7	0	4.54346e-09	4.01138e-11	3.679e-06	-1.38482e-11	-6.75424e-09	-2.80621e-11	1.28519e-08	9.28692e-11	5.97102e-06	-1.92324e-11	1.77661e-08	4.25195e-11	1.16162e-07	3.10263e-07	0.000112743	-4.59392e-08	1.35859e-07	5.0653e-07	1.16162e-07	3.10263e-07	0.000112743	-4.59392e-08	1.35859e-07	5.0653e-07	0.000150972	2.36921e-05	3.78149e-06	-4.92512e-07	-3.29002e-06	-5.16605e-07	8.30017e-05	2.87079e-05	1.89179e-06	-4.27229e-07	1.43164e-06	5.13125e-07
7	1	1.25875e-14	8.93349e-17	0.00156783	-4.80813e-17	1.51573e-10	5.66441e-13	1.41063e-06	7.13859e-08	0.00017471	2.33085e-08	1.24641e-06	-2.63232e-08	4.18062e-16	1.8315e-15	0.00175878	-1.69649e-16	5.72694e-14	1.72651e-13	4.18062e-16	1.8315e-15	0.00175878	-1.69649e-16	5.72694e-14	1.72651e-13	0.00593179	0.000170348	2.73261e-06	1.63921e-07	2.15314e-05	-1.20422e-08	0.00064717	0.00135362	3.33407e-05	1.46542e-05	1.408e-05	-2.16441e-05
8	0	3.61472e-09	5.04741e-11	3.53178e-06	-1.97504e-11	6.20658e-09	4.49928e-11	7.3337e-09	8.17932e-11	4.64357e-06	-2.49282e-11	1.06809e-08	6.88662e-11	3.19344e-08	7.58616e-08	8.64289e-05	-1.11882e-08	6.69145e-09	2.10758e-08	3.19344e-08	7.58616e-08	8.64289e-05	-1.11882e-08	6.69145e-09	2.10758e-08	9.70014e-05	3.48799e-05	2.56884e-06	-6.23828e-07	-2.02197e-06	-6.8698e-07	6.36651e-05	1.14097e-05	1.31502e-06	-2.03546e-07	1.103e-06	1.8754e-07
8	1	5.85032e-05	5.13735e-07	0.00217517	1.88997e-07	1.86808e-05	-3.38714e-07	9.57612e-12	1.62239e-13	0.000307939	7.97306e-14	2.49777e-09	-2.72855e-11	1.02141e-18	1.38661e-17	0.00101748	-3.48188e-19	-4.68812e-17	7.36904e-16	1.02141e-18	1.38661e-17	0.00101748	-3.48188e-19	-4.68812e-17	7.36904e-16	0.00402813	0.000500048	4.24134e-05	-3.99668e-06	5.09715e-05	1.0134e-06	0.00191879	0.000426683	0.000103878	-1.28094e-05	4.64151e-05	1.46682e-05
9	0	3.30738e-09	5.58081e-11	4.10933e-06	-2.33465e-11	4.96752e-09	4.92127e-11	1.09578e-08	1.90527e-10	6.96097e-06	-6.12568e-11	1.46323e-08	1.26833e-10	3.06501e-09	8.59298e-09	0.000111978	-1.10671e-09	1.91721e-08	7.32902e-08	3.06501e-09	8.59298e-09	0.000111978	-1.10671e-09	1.91721e-08	7.32902e-08	7.62303e-05	5.39526e-05	3.71792e-06	5.18677e-07	1.40223e-06	-9.77737e-07	1.47335e-05	4.92965e-05	1.51122e-06	-2.27878e-07	-3.72207e-07	-7.56658e-07
9	1	3.48417e-05	2.78146e-07	0.00124585	-1.44881e-07	1.87519e-05	1.00012e-07	8.33912e-24	8.51524e-27	0.000107065	-1.45243e-29	2.72427e-18	9.10486e-24	0.000667412	0.00243246	0.0178856	0.00019868	0.000227973	-0.00119445	0.000667412	0.00243246	0.0178856	0.00019868	0.000227973	-0.00119445	0.014809	0	0.000419574	0	-4.28315e-08	0	0.00384908	0.00223414	0.00010207	-1.5295e-07	-9.34295e-05	-1.52138e-07
